1599
4
33
12
10
-1
7
2
35
-1
32
8
96
94
81
-1
10
90
-1
26
90
12
-1
16
-1
3
17
54
1
-1
71
21
25
84
84
-1
22
-1
17
53
29
23
97
81
-1
85
24
65
55
-1
76
25
73
59
47
-1
27
4
34
99
-1
32
-1
2
-1
95
33
70
89
38
-1
36
10
43
59
-1
38
-1
36
-1
68
42
9
74
-1
14
44
-1
43
81
46
51
17
-1
61
-1
57
6
42
-1
43
70
8
80
8
-1
71
37
69
60
-1
74
8
-1
100
82
75
66
53
-1
50
78
-1
52
63
8
81
66
91
-1
-1
82
77
9
-1
1
83
-1
-1
9
20
87
1
47
7
-1
88
33
-1
36
72
89
8
96
14
-1
92
81
-1
16
79
95
86
79
-1
31
98
16
65
52
-1
100
35
41
31
-1
104
26
33
-1
9
106
95
58
-1
62
107
4
86
2
-1
109
88
-1
7
9
110
-1
2
8
80
111
36
3
14
-1
112
22
11
-1
-1
114
86
57
-1
12
118
21
81
56
-1
120
5
8
-1
22
123
84
96
94
-1
127
-1
-1
55
36
128
50
78
-1
17
133
-1
88
88
21
135
76
10
37
-1
139
73
12
-1
41
141
83
47
-1
0
146
-1
54
89
98
147
57
84
-1
53
151
-1
84
85
25
154
23
-1
6
3
156
18
-1
18
70
157
91
86
-1
40
159
73
32
-1
38
161
0
-1
23
57
163
3
26
-1
34
166
3
83
89
-1
167
56
48
-1
91
173
-1
66
2
37
174
60
-1
30
45
176
-1
31
42
96
177
99
-1
87
3
182
-1
7
49
6
184
76
-1
64
36
188
99
51
-1
46
190
-1
56
-1
35
191
-1
43
93
14
192
-1
18
28
45
195
72
69
-1
85
208
2
94
-1
15
210
-1
20
28
31
211
99
83
52
-1
212
9
33
99
-1
214
-1
16
-1
46
216
28
73
64
-1
217
-1
-1
82
1
218
28
-1
35
4
219
28
31
57
-1
223
26
-1
-1
55
224
83
30
98
-1
226
41
-1
35
26
227
-1
38
75
67
235
56
46
-1
38
237
23
56
-1
22
243
-1
65
100
80
245
-1
65
37
66
250
81
57
-1
52
251
52
64
-1
29
255
33
55
14
-1
256
80
33
-1
82
258
-1
49
89
51
261
-1
-1
92
13
262
-1
21
9
-1
264
42
41
-1
40
265
-1
2
4
45
267
-1
67
91
89
268
-1
92
-1
23
272
48
48
-1
41
276
-1
19
0
54
277
49
-1
83
13
282
71
73
-1
61
285
17
-1
41
22
286
26
8
-1
71
289
59
-1
59
16
292
45
27
-1
26
294
27
-1
94
97
295
-1
34
0
-1
305
52
-1
14
7
306
41
60
6
-1
307
64
98
86
-1
309
-1
93
-1
-1
320
-1
85
21
43
322
24
18
5
-1
325
38
69
34
-1
327
31
-1
-1
25
333
21
97
41
-1
334
23
-1
35
51
335
79
-1
14
33
337
47
-1
100
96
338
1
-1
61
66
339
0
12
2
-1
340
36
6
88
-1
341
41
18
37
-1
343
77
-1
89
49
344
85
-1
56
23
349
67
-1
44
87
355
67
85
97
-1
358
65
-1
89
84
364
41
-1
73
4
365
62
56
-1
89
366
1
-1
52
-1
371
77
23
16
-1
374
-1
73
86
0
375
-1
100
97
72
377
-1
2
79
0
379
70
-1
24
97
380
39
55
-1
37
383
65
18
-1
96
384
79
-1
54
41
385
-1
42
1
40
388
32
-1
57
23
390
37
65
-1
36
395
11
55
73
-1
396
-1
53
60
51
399
89
38
-1
-1
400
67
98
-1
1
405
75
11
-1
85
409
25
26
-1
6
411
62
-1
48
24
412
22
99
31
-1
414
0
7
48
-1
415
57
59
10
-1
418
-1
86
100
45
421
60
48
15
-1
424
2
3
12
-1
426
9
1
61
-1
429
45
-1
16
4
433
99
-1
72
13
434
12
-1
14
34
436
-1
14
8
45
441
68
-1
1
-1
443
65
-1
-1
73
444
71
29
0
-1
446
-1
76
47
14
447
-1
54
37
25
450
-1
55
76
68
451
-1
17
9
-1
455
96
60
96
-1
460
-1
84
70
28
463
94
-1
-1
80
473
49
59
-1
6
474
36
86
-1
23
475
98
88
23
-1
477
44
54
60
-1
490
5
28
-1
19
497
52
-1
44
28
498
97
67
-1
3
500
-1
26
18
47
501
73
-1
81
8
510
5
90
-1
49
512
48
-1
0
56
514
-1
10
23
-1
519
-1
79
-1
46
521
-1
22
90
85
523
34
43
65
-1
524
-1
87
2
19
526
91
69
-1
21
529
-1
65
80
30
530
55
48
-1
55
532
36
78
38
-1
536
-1
61
71
9
537
0
93
-1
66
538
-1
17
8
7
540
-1
26
58
3
542
41
-1
-1
55
549
73
-1
12
31
552
40
-1
100
51
553
11
8
44
-1
556
-1
-1
77
100
557
18
-1
-1
23
564
63
26
-1
25
565
96
-1
17
62
566
23
-1
36
80
567
-1
45
8
99
568
79
89
-1
98
570
63
-1
49
43
573
60
-1
81
74
575
-1
28
1
61
576
-1
45
69
5
579
-1
6
-1
52
580
-1
13
55
41
584
53
34
-1
83
585
41
-1
100
4
587
12
-1
35
32
590
64
85
52
-1
592
88
-1
28
53
593
38
-1
31
43
595
71
21
22
-1
598
-1
14
91
-1
601
4
17
-1
15
602
-1
50
64
55
605
65
44
64
-1
609
43
-1
93
18
612
82
56
-1
25
615
29
1
45
-1
616
39
3
72
-1
617
11
47
69
-1
619
62
55
4
-1
620
-1
19
92
17
626
-1
17
16
6
631
-1
86
21
29
636
44
-1
36
43
642
73
85
-1
97
643
70
17
-1
78
644
53
37
46
-1
649
56
99
-1
14
650
-1
64
12
12
652
22
4
-1
37
656
15
70
-1
83
659
-1
-1
-1
46
664
-1
62
77
78
667
17
97
-1
34
670
29
97
-1
36
677
16
-1
45
99
682
40
47
-1
88
685
53
13
18
-1
704
11
-1
91
-1
708
65
-1
7
81
711
92
22
-1
66
713
44
0
75
-1
714
-1
6
80
75
718
21
74
51
-1
723
-1
-1
90
93
725
80
-1
61
73
726
32
45
-1
39
731
-1
40
6
94
733
65
-1
-1
49
734
95
13
-1
27
735
63
46
-1
83
745
38
13
13
-1
747
-1
33
-1
75
753
-1
93
3
33
755
-1
-1
89
-1
758
40
23
-1
62
759
-1
93
93
88
764
80
43
48
-1
767
56
16
-1
14
768
8
58
-1
40
769
47
-1
99
33
773
67
65
99
-1
774
69
57
13
-1
779
13
82
-1
-1
785
32
96
-1
44
792
54
-1
57
31
793
15
48
-1
61
796
62
-1
11
90
800
51
-1
40
62
802
94
14
-1
5
811
-1
-1
23
96
812
-1
39
53
26
813
52
-1
10
38
816
94
-1
-1
47
821
23
12
-1
13
827
85
10
76
-1
830
-1
60
21
15
833
-1
-1
75
40
834
81
1
-1
25
836
31
-1
75
80
838
94
54
31
-1
841
-1
10
13
11
842
26
72
-1
1
843
58
85
35
-1
846
53
-1
90
49
847
89
-1
37
78
850
74
-1
42
43
855
-1
22
53
71
857
88
85
-1
92
859
18
-1
21
53
860
1
49
-1
56
862
84
56
12
-1
869
-1
84
26
79
870
-1
46
99
19
872
90
7
30
-1
876
58
47
-1
0
880
-1
29
12
74
881
16
-1
-1
91
882
-1
43
12
79
884
77
-1
8
-1
889
-1
13
45
34
891
-1
0
14
19
892
36
-1
13
7
894
-1
-1
66
41
896
0
-1
29
74
900
-1
100
70
-1
903
-1
67
31
23
904
59
88
-1
31
906
60
83
-1
66
908
79
28
-1
98
909
-1
97
39
57
910
49
28
68
-1
912
-1
21
73
47
913
80
1
57
-1
915
81
12
80
-1
916
98
90
72
-1
917
63
35
45
-1
918
-1
63
15
-1
921
10
-1
74
72
926
66
59
-1
-1
927
94
-1
56
10
930
87
48
-1
97
931
-1
90
7
54
932
-1
62
80
19
937
-1
72
79
28
938
0
56
-1
0
940
-1
36
42
43
941
19
68
-1
20
943
0
99
-1
63
944
34
-1
91
-1
945
-1
27
67
84
947
89
47
64
-1
948
80
75
-1
63
950
66
-1
80
47
958
78
22
-1
87
965
-1
76
-1
60
972
58
94
-1
26
974
80
-1
2
11
977
-1
57
98
40
979
43
-1
97
38
980
30
-1
63
48
983
16
-1
-1
8
984
29
-1
69
33
989
21
-1
85
47
1003
5
75
-1
31
1007
56
4
9
-1
1012
97
90
-1
15
1015
59
-1
51
12
1020
16
-1
29
-1
1024
-1
-1
70
80
1027
-1
21
43
78
1028
-1
73
57
75
1031
-1
17
52
98
1033
7
-1
22
70
1034
79
72
-1
21
1036
70
37
-1
58
1037
62
-1
99
12
1039
-1
50
71
69
1042
53
-1
-1
41
1048
94
83
-1
100
1050
12
82
35
-1
1052
39
49
-1
87
1053
-1
71
57
30
1055
-1
-1
98
51
1056
58
26
-1
55
1057
-1
62
-1
87
1065
96
66
12
-1
1071
33
23
7
-1
1076
78
4
99
-1
1077
-1
93
86
57
1078
20
45
-1
29
1079
2
31
-1
16
1080
48
47
86
-1
1082
31
47
0
-1
1087
-1
80
47
43
1088
65
-1
64
55
1092
97
18
2
-1
1094
25
98
72
-1
1095
97
-1
93
68
1096
-1
65
4
10
1097
49
-1
82
40
1098
-1
61
28
85
1102
76
97
68
-1
1103
87
29
7
-1
1105
48
-1
99
77
1108
21
16
80
-1
1109
59
-1
10
54
1113
35
27
-1
-1
1131
29
83
-1
92
1132
-1
84
48
74
1135
93
-1
-1
79
1139
45
71
56
-1
1142
-1
50
28
58
1146
45
24
51
-1
1147
61
47
-1
56
1149
100
-1
78
68
1150
-1
12
58
90
1153
94
11
7
-1
1154
-1
-1
78
92
1156
52
-1
27
82
1163
-1
68
10
17
1168
-1
37
19
11
1170
-1
40
21
63
1172
56
4
28
-1
1173
-1
96
77
91
1178
-1
24
55
77
1179
32
67
88
-1
1180
28
14
21
-1
1183
40
92
-1
91
1184
9
69
-1
77
1185
-1
42
38
24
1188
50
-1
80
65
1190
35
78
-1
32
1196
14
42
-1
23
1200
14
-1
70
93
1206
8
7
98
-1
1208
45
-1
76
21
1218
-1
-1
41
8
1223
29
-1
63
78
1225
-1
53
59
63
1227
1
39
-1
97
1229
24
46
-1
18
1232
-1
49
92
-1
1234
60
-1
-1
-1
1236
70
28
-1
16
1241
32
34
80
-1
1249
6
-1
14
78
1253
98
-1
32
-1
1254
23
86
100
-1
1258
40
27
32
-1
1261
75
13
59
-1
1268
87
-1
77
52
1269
0
13
53
-1
1270
75
45
20
-1
1272
-1
57
70
52
1273
77
-1
25
31
1275
64
94
-1
54
1279
72
-1
-1
-1
1287
-1
13
71
100
1289
56
50
-1
65
1290
5
-1
22
-1
1296
96
99
35
-1
1306
-1
11
8
74
1311
75
54
-1
83
1312
43
-1
48
50
1316
-1
42
51
64
1318
-1
79
9
2
1319
3
-1
93
70
1322
-1
80
85
16
1326
-1
65
2
67
1334
36
57
59
-1
1336
-1
74
66
17
1338
-1
74
21
37
1342
66
72
-1
87
1347
30
71
-1
83
1353
4
70
-1
-1
1355
58
96
34
-1
1360
-1
35
93
63
1362
85
-1
64
57
1370
7
6
66
-1
1371
22
-1
30
54
1373
25
-1
96
7
1374
7
-1
70
32
1378
-1
87
-1
-1
1379
-1
23
93
95
1382
34
-1
41
83
1384
-1
60
78
97
1386
57
-1
91
89
1390
86
-1
5
92
1394
57
71
24
-1
1397
39
20
-1
31
1398
17
99
-1
19
1400
32
60
1
-1
1402
71
52
-1
-1
1404
-1
80
5
58
1410
18
-1
52
59
1416
-1
-1
7
42
1421
-1
28
25
1
1424
38
96
85
-1
1425
1
20
9
-1
1429
43
96
90
-1
1430
90
46
83
-1
1431
51
-1
16
-1
1433
72
87
92
-1
1434
100
70
71
-1
1436
-1
42
92
60
1437
-1
65
3
78
1439
12
-1
36
40
1442
37
13
-1
33
1443
91
57
46
-1
1446
-1
44
52
82
1449
-1
-1
-1
28
1450
16
-1
94
81
1457
-1
14
97
17
1467
-1
9
-1
88
1469
-1
86
9
-1
1472
84
-1
32
43
1473
0
3
18
-1
1478
-1
84
-1
12
1479
13
57
1
-1
1485
13
88
67
-1
1486
20
43
-1
100
1488
83
-1
34
2
1489
-1
85
77
27
1491
-1
42
76
27
1492
-1
13
-1
52
1494
-1
91
16
-1
1495
10
0
-1
58
1497
-1
7
22
94
1498
53
72
-1
48
1501
29
28
-1
26
1502
-1
30
58
25
1505
19
-1
91
28
1513
42
63
-1
82
1515
-1
65
22
31
1516
36
-1
59
81
1518
48
-1
7
68
1521
-1
83
95
26
1523
-1
23
39
54
1525
-1
-1
71
53
1530
39
11
-1
34
1533
25
75
69
-1
1535
31
-1
71
18
1537
-1
61
89
10
1543
43
-1
97
64
1548
98
93
-1
65
1550
19
99
-1
22
1551
35
70
-1
48
1552
51
38
51
-1
1554
82
-1
54
80
1555
28
24
-1
3
1560
97
84
51
-1
1561
35
-1
56
39
1562
57
-1
21
-1
1563
75
96
-1
54
1564
5
86
52
-1
1571
59
0
-1
68
1578
55
50
76
-1
1579
42
-1
53
4
1584
5
8
99
-1
1587
9
83
70
-1
1588
40
47
-1
4
1589
37
-1
18
89
1590
-1
52
18
74
1594
79
-1
44
46
1595
28
50
44
-1
1599
12
49
49
-1
1600
38
-1
48
32
1602
26
-1
16
85
1603
19
78
28
-1
1605
54
96
12
-1
1608
17
43
66
-1
1610
30
36
40
-1
1613
74
72
15
-1
1615
66
77
-1
96
1618
10
-1
-1
64
1623
70
72
-1
82
1624
92
-1
29
39
1626
55
-1
43
-1
1627
27
89
-1
17
1632
-1
19
97
46
1633
-1
1
83
77
1636
18
16
-1
38
1638
-1
89
69
8
1639
59
49
53
-1
1642
-1
15
68
58
1650
85
53
-1
53
1651
56
22
-1
1
1652
-1
56
7
68
1655
-1
43
28
91
1661
15
57
-1
81
1662
-1
36
28
82
1670
96
-1
15
79
1671
74
98
-1
26
1674
-1
-1
72
71
1676
16
-1
8
68
1677
76
-1
82
81
1680
-1
85
87
81
1683
4
61
-1
4
1685
77
-1
53
20
1686
-1
61
56
-1
1689
23
100
13
-1
1693
-1
25
2
24
1699
85
83
82
-1
1701
19
14
-1
9
1709
-1
94
60
11
1711
23
-1
26
-1
1713
-1
70
79
59
1717
78
74
74
-1
1719
74
18
46
-1
1721
65
-1
79
51
1725
-1
84
37
97
1727
-1
55
13
60
1729
69
14
42
-1
1730
25
59
1
-1
1733
54
4
90
-1
1735
-1
85
17
86
1738
17
78
75
-1
1740
-1
82
99
26
1744
61
97
0
-1
1753
39
-1
86
-1
1754
3
32
-1
3
1756
45
1
-1
90
1760
51
61
-1
63
1762
87
84
-1
58
1763
5
89
-1
74
1771
81
72
-1
-1
1779
66
-1
3
4
1785
43
0
3
-1
1789
36
-1
18
24
1802
62
92
-1
55
1803
38
-1
26
14
1806
91
49
-1
7
1808
-1
49
18
16
1809
43
67
-1
-1
1815
-1
94
36
95
1816
0
22
9
-1
1818
-1
91
25
34
1822
92
15
48
-1
1828
53
-1
72
43
1831
64
44
38
-1
1832
0
31
-1
14
1833
13
-1
99
0
1835
39
60
76
-1
1850
86
39
-1
13
1856
-1
-1
38
67
1863
-1
88
97
9
1865
-1
17
13
-1
1875
71
30
-1
29
1878
60
15
75
-1
1880
17
-1
27
4
1881
-1
17
51
18
1884
-1
17
80
-1
1885
-1
68
82
78
1888
22
-1
87
-1
1890
42
37
96
-1
1891
40
8
-1
33
1893
52
40
-1
49
1896
-1
88
81
76
1902
66
9
44
-1
1915
-1
57
19
94
1916
66
-1
82
13
1920
98
29
-1
51
1921
81
-1
66
96
1924
57
14
88
-1
1925
8
95
52
-1
1930
57
89
-1
88
1932
6
-1
83
99
1933
82
-1
81
42
1934
71
-1
54
63
1936
68
64
-1
13
1940
88
19
63
-1
1942
62
54
43
-1
1947
-1
77
51
31
1956
16
-1
36
24
1958
87
10
-1
39
1961
-1
5
-1
49
1962
66
-1
29
45
1964
41
-1
32
97
1965
-1
83
53
29
1966
74
68
-1
58
1975
55
51
61
-1
1978
73
60
-1
2
1983
63
-1
6
28
1987
62
14
-1
41
1988
-1
53
23
17
1991
89
80
73
-1
1993
-1
11
42
26
1995
47
57
71
-1
1996
-1
41
-1
34
1997
-1
68
12
99
1999
24
-1
53
7
2010
81
90
7
-1
2012
-1
94
61
95
2020
11
-1
100
19
2021
71
-1
80
93
2025
-1
84
90
79
2029
19
53
-1
6
2030
2
86
-1
84
2031
-1
54
100
59
2033
45
-1
65
92
2034
60
-1
38
-1
2041
78
52
27
-1
2044
3
19
44
-1
2047
99
60
57
-1
2048
29
0
-1
-1
2049
39
98
-1
17
2050
86
87
-1
19
2052
42
-1
42
12
2055
-1
89
16
55
2059
-1
44
-1
72
2062
89
-1
82
27
2066
-1
13
52
83
2068
66
69
47
-1
2069
65
95
68
-1
2070
29
-1
-1
58
2071
88
-1
73
48
2072
-1
6
98
32
2075
57
94
95
-1
2079
1
89
-1
53
2083
44
26
-1
98
2086
88
-1
86
74
2088
-1
97
77
50
2090
3
6
-1
35
2093
89
-1
16
-1
2094
69
36
-1
16
2101
-1
93
79
29
2106
-1
64
43
53
2108
11
-1
53
-1
2111
-1
43
21
68
2115
-1
30
66
26
2117
22
72
51
-1
2119
-1
47
24
97
2122
27
43
88
-1
2123
-1
34
88
10
2124
-1
95
18
42
2128
63
-1
57
99
2131
68
9
55
-1
2135
21
83
32
-1
2139
-1
-1
76
9
2140
36
67
-1
45
2143
5
-1
32
83
2145
10
16
-1
84
2147
-1
53
89
82
2152
17
-1
84
-1
2153
78
97
39
-1
2155
8
-1
68
99
2156
91
13
-1
48
2161
-1
22
49
31
2165
52
63
46
-1
2168
61
80
-1
-1
2169
94
-1
20
38
2170
83
15
-1
22
2171
19
41
-1
57
2177
-1
44
45
95
2179
-1
34
53
6
2183
31
11
89
-1
2188
89
74
13
-1
2192
52
59
-1
65
2193
-1
71
64
78
2196
58
-1
21
60
2197
-1
78
38
40
2207
31
16
-1
-1
2208
-1
65
32
53
2210
59
3
52
-1
2215
89
9
-1
32
2220
1
-1
73
36
2222
-1
65
92
71
2224
65
96
-1
93
2228
36
93
55
-1
2229
-1
25
27
81
2232
87
64
-1
74
2233
-1
46
89
25
2238
57
63
69
-1
2240
88
16
-1
31
2245
71
51
-1
67
2248
-1
78
24
59
2252
-1
40
-1
48
2254
-1
66
38
10
2255
97
93
-1
8
2257
-1
26
57
22
2261
1
-1
9
80
2267
-1
95
91
1
2269
17
-1
2
32
2271
100
35
-1
97
2282
6
-1
1
74
2288
-1
72
92
54
2289
91
10
26
-1
2291
85
80
-1
-1
2293
88
-1
-1
-1
2304
91
74
92
-1
2306
98
-1
39
100
2309
1
-1
26
41
2313
85
37
31
-1
2315
63
-1
12
10
2318
-1
-1
58
-1
2320
77
-1
65
16
2323
-1
30
100
-1
2328
55
40
4
-1
2329
55
1
96
-1
2334
20
25
-1
26
2335
10
19
-1
24
2344
-1
69
18
82
2345
4
85
-1
-1
2347
82
-1
37
88
2348
20
1
-1
68
2349
54
93
71
-1
2350
93
81
-1
4
2356
4
-1
33
14
2362
-1
37
-1
-1
2364
78
14
-1
55
2367
48
96
100
-1
2368
97
23
41
-1
2370
14
-1
-1
34
2374
50
38
71
-1
2379
14
53
-1
-1
2380
45
-1
36
78
2385
62
63
13
-1
2390
16
100
-1
45
2392
97
6
-1
17
2393
41
-1
7
-1
2401
19
-1
54
82
2402
13
3
-1
64
2408
3
24
75
-1
2409
95
29
42
-1
2411
-1
69
94
28
2412
54
-1
43
65
2415
83
37
18
-1
2416
-1
73
0
38
2417
23
66
-1
98
2419
-1
95
5
40
2421
82
95
29
-1
2425
38
8
0
-1
2427
41
55
12
-1
2430
37
32
-1
1
2432
57
95
56
-1
2433
27
-1
37
55
2434
56
94
-1
68
2436
73
43
40
-1
2442
97
-1
88
20
2443
12
31
82
-1
2445
34
-1
43
88
2453
-1
45
70
77
2454
-1
-1
61
41
2456
15
8
21
-1
2457
26
45
-1
-1
2459
-1
90
-1
5
2462
-1
34
16
46
2467
-1
45
-1
64
2468
96
81
-1
4
2470
64
83
79
-1
2477
-1
29
23
30
2483
42
-1
57
50
2486
94
95
-1
53
2490
35
89
-1
56
2491
0
59
-1
-1
2493
44
-1
50
16
2494
7
84
-1
31
2498
-1
72
32
90
2500
71
87
-1
61
2502
18
-1
24
91
2503
17
57
39
-1
2509
26
-1
4
9
2515
16
4
-1
30
2517
63
51
-1
72
2518
79
-1
21
13
2522
-1
35
55
60
2525
-1
88
97
47
2533
89
30
71
-1
2536
-1
12
-1
28
2538
31
66
9
-1
2542
-1
19
59
90
2545
65
66
-1
77
2548
68
24
48
-1
2549
38
10
90
-1
2551
95
-1
25
33
2552
9
53
25
-1
2555
59
-1
55
87
2557
39
-1
21
67
2562
72
18
90
-1
2564
54
38
6
-1
2565
30
-1
8
23
2568
46
-1
3
90
2572
-1
91
7
18
2576
28
73
46
-1
2577
-1
22
87
41
2578
6
3
-1
35
2583
61
26
-1
-1
2584
23
48
-1
-1
2585
-1
43
86
16
2590
-1
77
84
84
2591
85
71
72
-1
2595
34
-1
93
15
2598
48
81
-1
6
2600
-1
84
67
26
2601
-1
96
75
42
2602
33
47
-1
22
2603
-1
65
72
94
2604
18
50
-1
33
2607
35
-1
8
46
2611
49
-1
92
97
2612
2
29
-1
20
2618
-1
61
13
68
2622
97
-1
17
5
2623
33
-1
87
53
2627
-1
65
72
-1
2629
-1
33
29
32
2630
62
66
-1
80
2633
4
73
54
-1
2639
89
51
-1
5
2640
20
33
-1
15
2641
84
90
-1
0
2642
85
94
-1
66
2644
57
6
-1
4
2653
88
20
-1
53
2655
-1
9
75
43
2658
52
40
96
-1
2662
94
-1
90
82
2664
0
35
53
-1
2671
-1
83
41
78
2679
52
67
-1
79
2683
22
80
-1
40
2686
93
5
-1
98
2697
72
-1
39
5
2698
-1
15
5
41
2705
7
21
3
-1
2707
47
80
50
-1
2709
76
62
-1
25
2711
-1
0
59
53
2712
52
6
-1
41
2715
68
-1
25
8
2716
76
98
-1
27
2725
45
13
53
-1
2727
38
31
-1
10
2733
28
54
-1
74
2735
82
16
-1
-1
2736
40
-1
15
62
2741
56
18
36
-1
2742
83
-1
69
78
2746
42
54
13
-1
2753
-1
89
11
6
2755
49
38
-1
82
2760
100
7
-1
15
2763
17
95
-1
66
2765
65
46
36
-1
2770
29
-1
51
46
2772
65
81
-1
42
2773
81
-1
80
-1
2777
10
85
-1
28
2782
32
1
29
-1
2784
-1
55
33
42
2788
82
50
-1
2
2789
36
-1
79
49
2790
-1
14
64
81
2792
31
69
87
-1
2798
53
-1
33
43
2800
89
-1
44
96
2809
-1
-1
43
85
2811
-1
39
2
88
2812
42
-1
75
11
2814
15
30
-1
36
2815
23
22
0
-1
2822
-1
57
6
26
2823
58
29
25
-1
2825
38
-1
70
38
2827
-1
53
-1
42
2828
59
61
89
-1
2831
-1
98
80
33
2832
96
3
52
-1
2835
-1
63
42
58
2836
38
32
-1
35
2845
53
48
43
-1
2849
17
-1
88
46
2850
-1
-1
37
3
2851
13
8
-1
1
2861
38
31
1
-1
2863
-1
70
88
99
2865
-1
72
46
2
2867
6
-1
42
16
2868
61
79
74
-1
2869
80
-1
67
99
2889
-1
60
52
-1
2890
-1
29
15
30
2892
82
-1
86
18
2894
-1
32
57
8
2897
-1
96
53
64
2902
74
-1
85
76
2903
69
63
33
-1
2904
68
13
48
-1
2906
43
-1
50
88
2907
-1
7
68
77
2911
55
-1
42
27
2914
97
95
-1
17
2915
36
8
-1
39
2918
-1
13
70
99
2922
69
-1
39
-1
2924
-1
71
39
-1
2927
95
65
40
-1
2931
40
88
3
-1
2932
86
64
-1
64
2939
46
-1
77
10
2940
10
81
-1
26
2943
-1
83
53
46
2945
71
-1
68
5
2946
-1
57
67
5
2949
0
32
-1
-1
2951
97
-1
70
43
2953
16
36
25
-1
2957
-1
40
55
-1
2961
91
28
4
-1
2963
-1
92
9
2
2969
-1
41
7
82
2985
-1
0
96
24
2986
29
23
96
-1
2989
-1
13
78
7
2993
37
-1
70
20
2995
51
-1
1
-1
3000
-1
-1
23
28
3005
19
94
23
-1
3010
-1
10
19
32
3013
-1
65
44
-1
3015
-1
-1
14
97
3019
2
55
-1
44
3024
-1
6
57
-1
3026
22
74
67
-1
3027
86
78
33
-1
3032
12
-1
87
67
3034
-1
98
82
62
3035
-1
57
33
42
3045
92
32
-1
45
3048
-1
44
38
-1
3049
34
-1
2
20
3051
48
-1
93
76
3052
-1
54
59
62
3054
0
94
79
-1
3056
9
-1
52
79
3057
-1
27
64
99
3058
-1
19
24
75
3061
19
-1
51
25
3070
98
-1
76
88
3077
98
100
93
-1
3080
12
-1
73
-1
3083
3
-1
12
16
3087
-1
31
31
61
3089
86
-1
30
54
3090
71
49
-1
31
3093
-1
54
63
40
3094
-1
66
52
18
3096
44
-1
81
37
3099
82
53
60
-1
3102
-1
69
11
0
3118
-1
14
59
3
3120
-1
19
94
52
3128
78
-1
13
61
3130
19
61
30
-1
3133
28
-1
99
49
3135
97
15
-1
71
3136
64
49
83
-1
3141
-1
14
84
95
3145
-1
-1
35
49
3157
36
-1
-1
-1
3158
94
23
6
-1
3159
89
69
62
-1
3168
-1
16
7
59
3171
58
-1
74
91
3180
-1
32
26
75
3181
-1
85
6
14
3183
17
82
-1
52
3185
-1
57
41
28
3187
15
16
-1
93
3189
89
-1
44
28
3190
-1
-1
68
9
3191
90
97
31
-1
3195
-1
100
33
66
3198
39
36
63
-1
3202
-1
33
97
41
3206
-1
51
96
86
3208
23
82
-1
74
3209
3
70
84
-1
3210
29
71
-1
24
3212
-1
12
19
10
3215
87
-1
40
-1
3217
60
32
9
-1
3218
69
-1
43
54
3224
44
100
-1
35
3226
68
67
-1
63
3229
-1
4
24
95
3238
-1
46
38
81
3245
1
30
2
-1
3246
-1
7
90
91
3249
-1
37
91
63
3250
91
30
6
-1
3251
64
91
-1
-1
3252
-1
6
82
74
3253
58
71
69
-1
3254
-1
-1
24
90
3260
84
-1
24
96
3261
-1
43
91
93
3268
-1
52
61
13
3269
-1
12
-1
88
3273
86
-1
40
69
3286
97
-1
77
96
3289
49
-1
28
98
3290
78
-1
98
68
3293
60
21
-1
-1
3297
56
75
45
-1
3302
33
71
71
-1
3306
64
65
-1
34
3307
76
89
-1
21
3309
65
-1
59
10
3327
-1
13
19
67
3330
24
37
-1
74
3334
-1
17
-1
89
3336
23
51
-1
32
3338
-1
-1
91
77
3339
29
31
-1
9
3343
30
74
-1
72
3347
54
100
59
-1
3358
58
82
77
-1
3359
63
60
-1
98
3366
2
74
65
-1
3368
50
-1
34
-1
3371
72
63
57
-1
3372
56
41
-1
66
3375
45
89
-1
5
3376
100
61
82
-1
3377
28
-1
-1
82
3379
72
-1
29
16
3380
39
59
11
-1
3387
62
-1
2
49
3391
83
24
60
-1
3393
16
10
-1
72
3398
96
-1
97
18
3399
12
-1
10
59
3401
-1
39
34
96
3403
73
2
15
-1
3410
99
19
-1
10
3412
-1
60
78
50
3414
10
36
100
-1
3420
-1
55
97
12
3423
21
64
-1
85
3424
-1
87
94
91
3431
0
79
-1
21
3433
83
-1
44
17
3436
-1
17
88
76
3438
21
7
-1
72
3439
40
87
17
-1
3445
27
-1
68
21
3447
38
7
-1
-1
3449
16
-1
-1
23
3455
-1
88
19
32
3457
11
-1
48
5
3459
37
52
82
-1
3463
0
33
-1
12
3468
13
58
-1
17
3471
-1
47
88
6
3476
3
84
88
-1
3477
79
67
-1
85
3485
32
-1
-1
89
3486
90
58
98
-1
3487
66
13
-1
100
3489
-1
77
66
49
3493
-1
35
36
-1
3495
5
67
26
-1
3499
31
69
-1
-1
3500
78
37
-1
17
3502
53
-1
4
74
3503
-1
70
53
10
3506
57
-1
91
36
3509
64
100
80
-1
3512
45
14
-1
45
3514
4
41
74
-1
3518
46
29
-1
69
3520
31
-1
96
88
3522
60
77
-1
7
3524
93
55
-1
82
3530
49
96
-1
3
3531
15
80
66
-1
3535
-1
15
-1
31
3536
36
-1
35
62
3540
8
86
6
-1
3544
-1
48
0
72
3554
86
-1
1
64
3559
59
84
8
-1
3560
-1
93
42
82
3563
-1
0
30
29
3572
-1
92
35
3
3574
-1
85
-1
4
3575
-1
67
85
40
3582
-1
2
88
-1
3583
41
92
-1
83
3585
57
-1
50
-1
3591
-1
53
0
75
3594
-1
69
19
60
3595
35
55
-1
65
3596
-1
19
95
63
3599
64
-1
50
6
3602
52
-1
54
74
3604
90
-1
95
71
3605
-1
68
43
-1
3606
-1
5
27
68
3611
-1
96
61
27
3614
-1
0
77
42
3616
-1
75
30
74
3618
47
-1
52
88
3620
-1
-1
100
72
3621
-1
76
31
54
3625
-1
65
91
19
3626
51
80
-1
-1
3627
19
7
-1
29
3630
58
-1
73
10
3633
-1
78
79
2
3634
83
90
-1
97
3636
31
62
-1
-1
3641
86
47
-1
45
3643
38
-1
10
24
3649
-1
16
93
55
3651
5
75
-1
-1
3657
75
-1
73
55
3658
-1
49
85
96
3660
38
99
-1
44
3668
65
74
94
-1
3669
-1
54
26
75
3675
69
-1
7
-1
3691
-1
-1
34
72
3694
-1
72
32
76
3704
-1
64
-1
39
3710
8
-1
43
64
3717
93
28
95
-1
3730
-1
38
48
71
3741
-1
5
71
18
3742
63
-1
90
53
3744
-1
37
98
70
3747
41
-1
41
68
3749
-1
8
42
41
3750
-1
32
58
15
3755
48
10
-1
99
3760
-1
19
54
41
3762
-1
27
51
15
3763
98
-1
95
69
3764
-1
17
63
57
3769
59
91
-1
13
3770
100
12
2
-1
3773
55
73
-1
13
3778
13
13
36
-1
3780
91
-1
50
98
3782
12
71
25
-1
3784
91
54
-1
73
3786
-1
49
99
87
3787
-1
32
2
80
3790
14
-1
63
90
3801
58
81
59
-1
3802
-1
77
-1
96
3807
13
72
-1
15
3810
62
-1
99
31
3814
19
18
-1
90
3815
5
73
-1
47
3817
12
-1
20
59
3823
7
-1
-1
54
3825
64
57
-1
9
3827
18
28
-1
74
3830
5
-1
12
-1
3843
-1
37
79
68
3846
93
0
21
-1
3848
24
1
67
-1
3855
13
72
-1
62
3862
56
-1
39
70
3864
-1
59
34
2
3870
63
37
66
-1
3874
71
94
-1
90
3876
-1
58
85
47
3877
79
-1
56
44
3880
20
-1
34
27
3883
36
-1
92
91
3888
43
88
30
-1
3890
-1
86
83
96
3892
66
19
5
-1
3894
4
42
-1
65
3898
93
40
-1
14
3899
100
-1
68
63
3902
22
29
-1
12
3903
51
29
-1
-1
3914
78
100
26
-1
3915
53
-1
75
18
3917
-1
50
74
2
3918
48
-1
84
17
3921
-1
28
-1
58
3923
28
85
-1
55
3925
48
-1
53
83
3926
12
80
7
-1
3927
23
-1
51
70
3929
49
4
-1
53
3930
92
33
57
-1
3935
-1
19
1
70
3936
66
-1
63
7
3943
-1
66
33
73
3944
28
2
57
-1
3955
28
46
-1
40
3958
-1
47
60
95
3960
92
99
23
-1
3962
46
60
98
-1
3963
55
15
-1
44
3970
55
-1
96
18
3977
-1
27
17
51
3981
-1
44
38
-1
3984
-1
56
48
41
3988
34
-1
37
72
3991
8
26
47
-1
3994
38
62
-1
47
3997
73
89
7
-1
4002
-1
39
-1
100
4003
-1
40
17
49
4004
0
62
60
-1
4008
63
95
71
-1
4010
30
52
-1
77
4014
37
87
92
-1
4015
57
71
-1
20
4018
67
2
-1
70
4021
56
84
61
-1
4032
-1
-1
13
83
4035
7
97
-1
63
4051
89
-1
50
80
4056
36
-1
92
97
4057
21
-1
33
44
4060
22
8
24
-1
4061
-1
33
66
-1
4062
11
-1
90
1
4068
42
-1
-1
94
4069
-1
-1
19
7
4074
18
49
-1
83
4077
-1
0
14
82
4078
-1
82
16
-1
4080
96
34
-1
3
4081
89
86
-1
58
4082
76
-1
12
79
4084
8
-1
77
-1
4092
96
-1
6
37
4093
37
43
55
-1
4096
73
-1
80
89
4097
91
54
33
-1
4115
-1
28
74
-1
4117
80
-1
14
32
4119
-1
97
-1
11
4120
-1
93
-1
41
4123
54
-1
13
13
4125
-1
87
57
-1
4126
-1
48
64
98
4128
64
-1
55
3
4133
-1
-1
46
26
4134
58
68
71
-1
4137
55
-1
57
55
4142
-1
95
50
90
4144
32
-1
30
7
4148
22
55
-1
24
4160
-1
28
27
-1
4161
83
27
-1
65
4166
-1
39
72
17
4172
0
7
17
-1
4176
-1
-1
10
27
4179
65
-1
36
-1
4184
34
-1
13
-1
4189
-1
9
94
11
4193
-1
50
96
97
4194
68
59
73
-1
4195
72
72
-1
97
4197
83
97
-1
45
4199
-1
93
81
54
4201
8
-1
42
63
4202
34
-1
88
64
4203
31
-1
21
41
4204
14
57
-1
92
4210
11
-1
94
97
4212
92
14
-1
75
4218
78
18
-1
23
4220
88
-1
48
75
4221
1
60
80
-1
4228
-1
78
59
37
4229
49
-1
-1
24
4233
12
-1
57
53
4234
97
-1
20
74
4240
72
83
-1
41
4241
-1
29
61
76
4242
2
20
89
-1
4245
-1
35
95
29
4246
61
32
-1
13
4247
73
46
-1
1
4258
33
-1
54
0
4260
48
33
58
-1
4261
13
61
100
-1
4267
-1
77
18
16
4270
55
18
85
-1
4278
57
-1
74
21
4284
-1
32
56
24
4285
78
71
79
-1
4290
-1
44
53
24
4291
-1
83
39
20
4295
11
79
-1
55
4300
78
91
26
-1
4301
40
-1
46
75
4302
16
0
-1
42
4303
-1
87
30
-1
4305
-1
30
25
66
4306
13
-1
36
65
4314
79
-1
16
9
4315
79
36
64
-1
4320
59
64
32
-1
4324
-1
-1
18
99
4325
-1
75
53
2
4327
94
11
-1
32
4328
-1
22
-1
31
4331
79
7
92
-1
4337
-1
4
41
48
4339
-1
55
27
-1
4340
-1
60
99
36
4342
-1
23
19
45
4352
79
98
-1
38
4376
-1
99
81
-1
4380
21
15
-1
84
4384
87
41
79
-1
4389
43
-1
26
18
4390
-1
61
57
1
4392
-1
51
96
37
4393
8
42
70
-1
4395
34
80
59
-1
4400
21
-1
84
60
4402
93
38
49
-1
4404
-1
8
13
85
4405
70
1
-1
84
4411
16
79
78
-1
4412
35
-1
87
73
4416
-1
100
58
-1
4422
49
-1
96
75
4423
8
37
14
-1
4424
78
90
87
-1
4425
-1
-1
69
22
4426
-1
65
15
48
4435
31
68
-1
69
4443
0
53
-1
32
4444
-1
46
68
35
4445
-1
46
85
97
4446
93
74
11
-1
4455
90
78
59
-1
4456
42
-1
9
65
4458
-1
8
12
61
4460
-1
74
98
75
4463
-1
32
1
13
4464
56
46
10
-1
4466
7
9
-1
28
4469
7
54
-1
96
4470
75
-1
43
81
4474
-1
36
47
21
4487
7
52
-1
80
4490
-1
43
16
62
4492
49
-1
51
57
4495
-1
81
56
62
4496
73
36
-1
72
4500
91
-1
84
-1
4503
-1
94
-1
59
4510
50
-1
79
85
4513
15
60
60
-1
4518
50
-1
44
40
4520
78
6
16
-1
4523
59
44
-1
8
4528
23
-1
54
44
4531
29
-1
82
69
4538
88
84
-1
28
4541
88
-1
38
57
4546
13
33
-1
-1
4551
50
82
61
-1
4552
67
92
-1
8
4554
0
-1
44
7
4557
39
-1
85
84
4559
-1
24
-1
52
4562
4
-1
41
34
4565
63
-1
70
21
4567
75
-1
8
74
4569
46
36
-1
62
4574
95
-1
65
7
4579
95
91
-1
-1
4582
57
32
-1
91
4584
-1
24
-1
78
4587
55
53
-1
75
4588
32
7
66
-1
4590
15
31
45
-1
4593
54
-1
60
-1
4594
-1
53
31
99
4595
36
28
-1
78
4603
75
64
-1
25
4605
22
-1
86
87
4610
17
-1
52
94
4615
0
22
-1
12
4618
97
32
51
-1
4625
8
82
-1
93
4636
47
95
-1
32
4637
47
0
-1
-1
4639
5
59
40
-1
4645
-1
22
64
60
4649
58
80
84
-1
4651
-1
40
96
12
4658
89
-1
42
88
4662
37
38
45
-1
4664
75
15
-1
63
4670
73
77
13
-1
4673
70
-1
27
35
4684
73
17
92
-1
4694
58
39
-1
-1
4697
5
28
29
-1
4699
15
42
-1
94
4700
55
85
-1
94
4705
20
80
40
-1
4708
42
-1
35
19
4709
-1
35
41
-1
4713
56
75
96
-1
4722
-1
-1
38
75
4723
69
100
16
-1
4725
52
10
-1
4
4727
25
-1
44
68
4729
63
45
-1
26
4730
-1
10
85
28
4733
-1
77
-1
-1
4737
-1
7
57
-1
4738
-1
0
92
5
4740
19
55
94
-1
4741
49
92
-1
54
4747
0
15
45
-1
4750
59
68
-1
-1
4751
-1
6
5
61
4752
76
54
45
-1
4753
47
-1
79
73
4756
6
20
-1
8
4763
66
-1
64
6
4765
-1
42
21
-1
4767
68
77
-1
64
4772
33
14
-1
54
4773
13
17
-1
91
4781
-1
2
98
56
4787
-1
6
34
46
4788
46
21
-1
-1
4790
61
-1
36
21
4795
68
49
-1
72
4797
-1
23
36
0
4798
-1
-1
-1
22
4802
56
-1
-1
-1
4806
29
18
29
-1
4807
11
69
-1
56
4811
68
2
-1
91
4816
97
9
-1
28
4818
34
1
86
-1
4825
-1
-1
70
73
4828
34
84
-1
90
4830
-1
61
27
84
4832
36
18
-1
21
4846
84
82
35
-1
4847
90
-1
81
70
4850
34
62
-1
45
4859
9
41
-1
-1
4860
-1
8
18
7
4862
11
92
-1
78
4863
18
96
11
-1
4866
16
58
15
-1
4869
99
48
-1
-1
4870
27
63
-1
67
4877
22
-1
-1
36
4878
-1
24
0
52
4880
58
77
60
-1
4883
9
-1
14
87
4885
-1
91
39
97
4889
94
5
8
-1
4894
76
55
49
-1
4900
-1
57
90
-1
4902
1
83
-1
-1
4905
70
69
49
-1
4907
46
2
-1
64
4910
-1
29
26
96
4912
87
-1
-1
47
4917
37
82
-1
96
4918
48
38
81
-1
4922
65
27
76
-1
4927
-1
11
-1
21
4931
98
14
-1
33
4933
-1
33
32
31
4934
6
41
10
-1
4935
90
-1
-1
-1
4940
9
74
-1
41
4944
82
65
83
-1
4946
-1
14
22
0
4952
79
-1
60
16
4954
-1
61
60
47
4955
-1
12
56
8
4956
84
-1
6
26
4959
7
20
55
-1
4961
-1
11
46
52
4963
43
75
85
-1
4964
-1
20
63
72
4971
-1
63
14
79
4978
7
52
-1
22
4980
93
90
71
-1
4981
-1
32
87
14
4983
5
13
89
-1
4984
2
89
95
-1
4985
-1
67
94
100
4987
13
70
-1
47
4988
74
86
-1
-1
4989
70
14
-1
65
4991
58
43
-1
92
4995
84
70
71
-1
