9
1
88 69 97 74
2
32 54 95 11
3
2 18 31 54
4
26 85 63 47
5
1 74 23 89
6
5 48 11 29
7
21 29 55 29
8
16 36 29 9
9
74 11 93 58
9
1
37 87 31 8
2
69 77 84 56
3
38 11 67 67
4
100 38 63 79
5
43 61 67 38
6
37 4 58 58
7
46 69 84 14
8
21 58 30 9
9
38 47 3 92
7
1
41 37 39 84
2
24 26 64 40
3
85 60 64 34
4
5 97 97 72
5
37 9 44 32
6
41 76 62 6
7
40 8 96 83
7
1
10 14 50 13
2
78 18 76 24
3
60 58 17 30
4
34 71 22 100
5
4 76 91 15
6
24 100 61 41
7
36 41 80 19
7
1
81 79 37 39
2
95 12 100 45
3
94 24 87 19
4
21 29 78 52
5
36 84 83 84
6
11 92 31 35
7
72 28 50 54
