5000
1
6
10
29
80
2
21
70
82
39
3
69
50
62
47
5
53
10
12
47
6
71
44
100
82
9
50
21
14
0
11
40
16
98
49
13
38
11
69
1
14
39
58
37
38
15
90
48
77
96
16
36
31
36
68
18
26
26
42
25
19
53
41
24
58
20
2
54
75
22
26
29
62
33
54
28
57
0
89
72
30
26
100
39
20
31
85
93
97
52
35
49
53
19
35
37
64
54
48
47
39
36
13
81
11
40
48
39
4
82
41
96
0
69
55
43
14
48
54
9
45
53
28
86
53
47
63
55
92
4
48
78
33
13
74
49
64
20
95
74
50
91
12
3
46
53
40
27
57
65
54
47
4
9
60
55
27
66
93
18
56
16
10
39
24
59
16
44
32
82
60
64
79
6
25
61
22
48
37
93
62
38
32
12
14
63
86
76
76
43
64
83
67
61
25
66
2
37
65
37
67
54
57
40
32
68
9
26
98
54
69
84
56
69
74
73
22
100
52
33
76
34
17
26
38
77
82
74
0
86
79
94
21
29
15
80
52
76
91
48
85
99
66
54
0
86
62
70
33
47
90
69
67
6
35
91
17
66
47
28
93
67
29
31
27
94
58
78
19
16
96
21
7
79
71
97
99
4
46
95
99
24
34
61
63
101
36
29
52
44
102
11
4
96
74
103
43
42
93
76
105
16
96
95
21
108
83
69
86
99
113
88
22
1
76
115
25
85
39
7
116
100
66
22
78
117
34
49
8
96
119
31
33
60
38
121
89
91
14
97
122
46
30
83
75
124
27
37
27
69
125
69
20
92
51
126
5
92
89
80
129
70
45
2
69
130
44
0
11
23
131
29
0
2
74
132
37
71
96
42
134
14
40
50
49
136
28
77
2
97
137
91
84
76
56
138
8
57
32
23
140
5
20
12
61
142
59
70
54
6
143
58
77
84
11
144
85
98
9
82
145
54
37
13
82
148
55
64
20
82
149
15
5
41
3
150
80
56
84
27
152
11
46
62
69
153
67
2
8
46
155
56
92
36
39
158
51
97
66
6
160
61
26
47
66
162
91
92
24
26
164
76
16
37
10
165
16
36
18
32
168
43
43
68
27
169
36
34
99
93
170
7
35
4
8
171
51
52
68
73
172
92
71
2
7
175
46
97
56
41
178
47
17
56
36
179
82
50
97
52
181
25
36
54
3
185
83
55
67
65
186
68
90
64
16
187
33
99
52
80
189
75
51
90
17
193
37
33
9
58
194
61
91
76
26
196
76
25
57
60
197
10
17
38
54
198
16
70
47
32
199
27
93
26
48
200
26
93
43
31
201
14
33
5
91
202
92
5
90
33
203
13
19
95
96
204
50
69
67
59
205
52
42
31
80
206
31
3
33
50
207
67
7
64
91
209
4
30
72
61
213
8
72
65
47
215
37
49
1
53
220
48
23
49
71
221
78
6
73
45
222
89
89
77
14
225
6
37
10
31
230
81
91
66
68
231
72
7
85
62
232
4
92
98
55
233
9
4
74
95
236
18
19
37
63
238
63
43
23
99
239
51
2
60
75
240
97
9
54
7
241
46
93
100
1
242
74
2
40
40
244
79
59
13
65
246
24
44
23
1
247
36
15
75
31
248
91
15
31
87
249
95
87
14
92
252
20
63
86
53
253
10
78
10
8
254
32
3
20
70
257
99
47
4
72
259
53
4
23
95
260
55
74
5
25
263
34
81
96
5
266
73
19
27
73
269
8
74
49
50
271
15
19
59
29
273
98
1
64
77
274
33
84
89
43
278
75
84
57
91
279
79
46
7
97
280
23
17
9
48
281
19
15
70
43
283
51
47
18
25
284
42
42
44
89
287
35
69
80
63
288
51
67
49
43
290
12
45
0
33
291
72
18
91
77
293
64
55
54
76
296
22
28
13
0
297
11
12
66
83
299
86
22
56
82
300
11
57
93
39
301
97
75
76
76
302
46
55
7
0
303
81
84
0
29
304
62
78
22
10
308
70
38
47
95
310
70
25
3
95
311
87
68
57
22
312
72
4
50
58
314
88
17
50
25
315
28
13
55
70
316
51
91
21
40
317
88
100
87
41
318
15
97
73
98
319
72
30
3
73
321
84
93
71
65
323
36
96
11
87
324
43
99
98
26
326
13
62
72
18
328
60
47
11
91
329
99
95
72
80
330
33
34
36
45
331
20
19
26
70
332
47
95
74
10
336
80
21
13
65
342
34
72
55
5
345
16
54
95
78
346
36
1
53
30
347
0
10
63
22
348
57
21
12
23
350
92
23
46
53
351
72
18
68
52
352
35
96
0
44
353
57
63
21
4
354
21
84
80
62
356
25
58
47
11
357
36
0
52
17
359
89
40
11
98
360
53
15
80
50
361
54
33
2
36
363
2
92
69
51
367
1
40
21
34
368
31
3
81
62
369
89
77
51
100
370
89
86
59
13
372
77
83
11
47
373
66
31
61
86
376
14
38
61
10
378
86
13
61
18
381
52
81
72
48
382
11
9
67
25
386
69
84
15
43
387
8
9
19
23
389
14
33
94
22
391
35
45
83
87
392
0
80
45
68
393
67
95
91
88
397
12
18
82
95
401
94
65
69
47
402
22
98
7
82
403
22
2
49
30
404
16
59
59
16
406
19
71
98
4
408
49
11
41
35
410
25
17
41
79
413
20
32
66
1
416
58
17
24
51
417
91
31
41
57
419
9
53
9
57
420
75
82
80
66
422
81
76
28
49
423
5
23
14
23
425
72
68
46
23
427
21
41
69
63
428
12
0
54
43
430
51
94
11
87
431
34
65
23
8
437
46
56
89
30
438
70
20
66
77
439
90
0
35
25
440
50
9
72
80
442
59
95
91
36
445
1
13
96
54
448
46
61
28
29
449
54
40
56
14
452
59
32
55
18
453
1
26
54
62
454
35
38
11
100
456
79
44
88
18
457
45
27
55
81
458
77
100
99
16
459
86
95
91
18
461
32
15
61
5
464
57
42
71
72
465
13
97
34
16
467
36
70
26
36
468
98
28
35
84
469
1
71
84
68
470
70
23
1
6
471
94
69
43
9
472
41
21
46
59
476
8
9
50
69
478
30
94
7
85
479
28
80
66
93
480
3
78
27
63
481
64
17
38
32
482
7
0
12
78
483
43
92
76
95
484
29
38
64
84
485
81
99
82
24
486
36
30
93
54
487
2
14
26
0
488
48
74
29
14
489
10
83
74
58
491
68
34
99
45
492
96
99
61
4
493
5
7
100
6
494
84
70
81
81
495
80
66
64
14
496
49
73
96
1
499
16
66
51
53
502
36
92
46
57
503
22
22
63
39
504
68
11
27
94
505
32
12
40
30
507
44
2
70
80
508
10
15
9
92
509
49
30
91
99
511
53
75
94
50
513
93
56
82
46
515
52
30
86
47
516
100
38
51
12
517
46
46
4
22
518
14
8
95
28
520
85
67
76
61
522
16
28
52
32
525
68
10
93
91
528
77
100
5
71
531
31
25
65
74
533
30
15
12
76
534
32
51
68
10
535
15
57
55
80
539
40
8
71
62
541
1
59
62
75
543
32
72
85
79
544
15
4
44
8
546
78
35
42
6
547
59
30
64
75
548
11
41
3
75
550
30
3
9
4
551
62
98
77
90
554
31
35
59
84
555
69
100
66
41
558
72
44
81
21
559
57
5
99
17
561
54
36
87
25
562
100
39
9
46
563
67
58
36
69
569
14
89
46
83
572
28
95
86
37
574
98
71
7
67
577
99
27
17
86
578
32
36
14
22
581
51
83
42
36
582
74
90
22
55
583
33
87
49
34
586
9
85
90
13
589
44
25
69
79
591
73
72
78
61
594
41
77
21
73
596
35
37
36
72
597
93
74
62
91
599
6
23
38
60
600
10
53
77
58
603
100
85
6
56
604
24
69
56
17
606
20
52
46
56
607
28
69
12
25
608
91
32
33
61
610
41
82
56
100
611
62
88
1
30
613
19
8
48
24
614
100
87
5
53
618
87
90
22
0
621
14
90
98
42
622
26
21
23
47
623
95
73
70
97
624
77
50
56
96
625
24
76
9
98
627
53
39
12
32
628
11
71
49
99
629
96
15
13
22
630
43
90
51
11
632
74
87
10
29
633
17
93
2
24
634
81
85
2
66
635
6
85
27
28
637
95
87
29
7
638
14
75
30
37
639
98
87
64
66
640
74
86
12
48
641
69
99
84
26
645
10
34
46
89
646
99
65
1
58
647
11
83
39
95
648
13
88
21
71
651
73
50
72
10
653
77
5
7
18
654
35
89
23
61
657
64
36
59
9
658
37
45
45
58
660
81
65
97
96
661
93
87
26
80
662
66
28
48
25
663
75
99
37
10
665
20
81
77
11
666
10
1
71
53
668
73
91
54
14
669
37
74
62
75
671
5
20
62
87
672
25
66
72
52
673
67
46
51
50
674
39
13
5
65
675
98
66
0
67
676
57
9
20
68
678
81
37
86
94
679
56
36
54
9
680
89
22
22
82
681
35
34
49
43
683
51
61
96
40
684
23
3
84
56
686
92
30
21
49
687
79
74
17
65
688
5
90
35
4
689
90
68
72
41
690
95
9
63
69
691
41
98
15
53
692
58
97
2
40
693
99
92
29
37
694
15
60
81
92
695
90
20
98
11
696
39
78
52
28
697
98
89
27
37
698
46
86
36
10
699
13
10
92
21
700
41
72
78
100
701
62
84
98
69
702
73
6
38
44
703
92
36
62
36
705
39
23
70
50
706
35
11
45
22
707
24
66
72
95
709
15
94
24
77
710
36
38
92
1
712
70
15
68
34
715
44
35
64
41
716
71
98
5
45
717
24
53
33
4
719
99
84
100
74
720
65
7
73
28
721
11
12
80
29
722
43
22
84
37
724
13
68
55
11
729
27
53
24
27
732
9
87
43
91
736
52
77
34
79
737
98
37
32
66
738
25
48
73
39
739
44
17
10
32
740
1
40
42
89
741
89
100
42
91
742
63
87
41
53
743
14
6
84
92
744
18
18
5
51
746
11
10
65
49
748
14
88
52
37
749
49
55
90
32
750
15
32
86
100
751
66
76
75
67
752
73
59
14
18
754
38
59
6
43
756
26
7
44
58
757
64
91
51
18
760
54
70
15
9
761
48
69
43
94
762
72
71
30
16
763
23
24
38
81
765
6
78
40
10
766
65
75
19
72
770
84
75
92
4
771
26
83
41
24
772
28
47
55
71
775
92
94
53
98
776
15
8
7
84
777
0
91
42
14
778
15
75
58
86
781
65
13
23
83
782
17
16
11
75
783
1
17
44
20
784
86
57
37
50
786
47
72
28
98
787
25
94
83
74
788
64
13
49
11
789
8
52
67
80
790
35
72
92
2
791
79
72
64
28
794
49
1
39
99
795
69
8
60
4
797
95
7
90
44
798
36
69
84
87
799
20
58
35
21
801
6
100
76
7
804
9
13
15
74
805
78
56
76
94
806
57
29
1
31
807
0
53
70
14
809
81
23
79
25
810
59
16
73
60
814
12
97
19
84
815
94
23
4
27
817
42
60
28
75
818
56
90
9
96
819
66
16
38
77
820
22
62
9
19
822
53
12
66
73
823
70
68
20
10
824
57
70
91
63
825
87
24
4
78
826
60
12
93
3
828
73
29
93
95
831
15
32
14
27
832
86
25
17
100
835
60
62
93
37
837
20
39
25
97
839
83
78
80
17
840
70
62
17
70
844
42
81
49
31
845
67
26
14
92
848
91
43
34
0
851
21
73
20
12
853
35
78
99
32
854
60
12
59
81
856
0
46
16
94
858
43
1
39
99
861
5
75
23
3
863
23
57
7
31
864
89
90
36
49
865
61
100
30
96
866
52
63
21
85
867
19
32
90
72
868
99
87
88
45
871
68
66
98
14
873
38
5
43
36
874
3
77
19
34
875
61
67
48
60
877
35
0
69
3
878
62
29
38
96
879
6
87
1
12
883
16
0
56
12
885
99
8
8
13
886
68
30
78
10
887
61
98
26
20
888
38
7
52
13
890
59
31
58
10
893
100
18
54
65
895
40
67
80
25
897
50
95
83
15
898
69
77
12
45
899
98
17
43
4
901
39
51
84
33
902
12
33
45
1
905
78
38
7
55
907
55
91
53
99
914
13
66
27
52
919
57
60
26
76
920
11
14
42
37
922
7
71
52
37
923
79
61
35
47
924
58
73
73
70
925
26
67
63
15
928
38
92
77
16
929
97
63
1
23
933
61
40
50
45
934
12
16
76
59
935
20
28
80
89
936
37
28
21
71
939
61
68
95
59
942
87
53
92
72
946
58
99
5
89
951
83
44
61
2
952
11
100
52
0
953
27
7
23
14
954
90
9
29
91
955
25
41
7
77
956
53
84
1
28
957
22
45
50
22
959
67
9
59
73
960
62
3
11
92
961
94
78
64
24
962
66
63
26
61
963
21
98
44
31
964
76
91
57
34
966
98
8
63
18
968
54
14
80
30
969
26
85
31
39
970
24
58
2
57
971
72
62
48
92
973
91
1
56
70
976
5
67
52
8
978
85
87
0
52
982
75
66
43
50
986
97
20
17
63
987
59
95
83
56
988
72
96
64
4
990
18
99
29
6
991
49
74
93
46
993
80
71
63
47
994
15
100
67
18
995
38
38
33
12
996
61
33
41
50
997
78
77
18
58
998
47
43
34
36
999
20
31
86
100
1000
20
24
7
17
1001
89
33
71
16
1002
58
39
37
17
1004
26
52
76
69
1005
17
81
34
57
1006
5
37
75
21
1008
49
69
7
92
1009
63
82
21
63
1011
27
68
63
88
1013
13
16
28
15
1014
23
90
6
84
1016
48
53
63
9
1017
36
47
57
81
1018
3
78
77
58
1019
79
84
7
85
1021
98
81
93
50
1022
32
50
30
28
1023
12
91
84
47
1025
33
33
57
74
1026
46
100
72
56
1029
24
67
21
56
1030
97
16
25
60
1032
11
72
67
37
1035
1
93
15
93
1038
99
60
53
8
1040
7
40
20
29
1041
27
87
22
82
1043
53
41
47
90
1044
9
96
31
17
1045
8
70
55
6
1046
22
54
4
16
1047
17
54
47
9
1049
43
99
3
85
1051
62
96
71
70
1058
56
21
53
59
1059
67
35
11
17
1060
84
10
2
43
1061
91
28
56
84
1062
19
86
1
45
1063
87
79
52
80
1064
77
92
34
84
1066
50
11
50
98
1068
71
94
42
98
1069
66
50
82
88
1070
86
84
38
35
1072
60
30
55
39
1073
96
80
20
87
1074
86
70
4
40
1081
61
81
87
66
1083
23
68
56
9
1084
37
71
96
40
1085
20
45
6
34
1086
27
1
69
16
1089
55
1
17
71
1090
15
48
51
83
1091
3
7
96
34
1093
75
46
23
62
1099
23
9
67
99
1100
63
38
27
69
1101
58
67
42
40
1104
15
5
21
63
1106
66
59
44
29
1107
82
82
23
82
1110
59
65
69
63
1111
21
81
30
93
1112
91
80
51
87
1114
80
34
5
5
1115
27
1
47
14
1116
16
82
70
95
1117
43
11
76
26
1118
76
9
60
67
1119
57
32
52
53
1120
13
86
23
79
1121
65
5
80
32
1122
88
92
49
56
1123
55
33
89
98
1125
66
67
99
92
1126
38
85
41
40
1127
63
66
32
58
1128
4
9
11
85
1130
87
16
66
10
1133
66
24
44
45
1134
15
18
39
73
1136
16
78
5
59
1137
16
61
97
93
1138
70
25
69
53
1140
99
71
62
40
1141
41
46
36
20
1143
43
31
3
39
1144
29
36
30
4
1145
36
35
86
3
1148
22
59
62
82
1151
56
4
44
37
1152
63
79
19
89
1155
44
15
14
21
1157
15
74
17
15
1158
77
71
33
7
1159
45
97
9
6
1160
51
92
73
21
1161
22
96
94
100
1162
84
2
66
14
1164
75
50
15
93
1165
51
55
30
68
1166
26
25
1
62
1167
86
0
47
52
1169
22
38
70
11
1171
53
98
56
70
1174
0
52
52
53
1175
20
54
87
58
1176
29
71
72
21
1177
38
14
46
55
1181
49
12
68
6
1182
34
15
73
73
1186
81
71
65
41
1189
44
5
49
5
1191
69
9
10
96
1192
76
69
2
69
1193
65
98
97
55
1194
8
90
3
60
1195
0
61
36
58
1197
90
21
62
82
1198
33
11
67
93
1199
11
10
0
57
1201
13
4
97
65
1202
25
58
37
41
1203
90
36
78
44
1204
29
33
74
9
1205
8
57
25
4
1207
98
71
45
73
1210
71
59
27
59
1211
26
29
41
71
1212
14
81
54
13
1214
93
38
12
11
1216
67
34
84
36
1219
18
58
87
67
1220
27
22
93
21
1221
24
51
88
22
1224
18
6
35
82
1226
56
19
1
58
1228
45
94
11
7
1230
3
73
67
4
1231
85
68
15
9
1233
34
56
81
80
1235
71
55
29
68
1237
99
56
7
86
1238
94
74
48
78
1239
71
46
35
87
1240
61
53
82
74
1242
38
80
57
85
1243
63
37
91
9
1244
85
68
80
26
1245
17
75
24
57
1246
32
75
19
38
1247
75
10
15
59
1248
68
51
52
94
1250
18
95
57
54
1251
32
13
19
84
1252
37
97
95
13
1255
57
88
79
29
1256
79
89
79
49
1257
99
52
85
61
1259
90
37
99
77
1260
6
15
23
56
1262
36
60
68
29
1263
79
99
68
99
1264
64
97
67
39
1265
93
37
70
61
1266
84
77
17
48
1267
39
90
23
7
1274
45
56
79
19
1276
1
30
34
96
1277
96
59
95
89
1278
98
24
95
17
1280
11
54
51
59
1281
50
93
86
95
1282
42
15
97
21
1283
59
18
5
44
1284
95
4
10
95
1285
76
36
51
94
1288
13
24
60
13
1291
85
44
85
34
1292
78
24
68
22
1293
10
86
27
94
1294
14
53
14
97
1295
91
41
26
46
1297
89
66
74
73
1298
8
4
88
61
1299
95
34
8
55
1300
28
13
39
19
1301
19
68
51
49
1302
10
4
82
37
1303
100
64
44
23
1304
29
45
83
58
1305
42
19
86
43
1307
61
38
4
48
1308
66
73
70
53
1309
86
31
4
38
1310
66
88
53
17
1313
91
18
8
35
1314
14
92
4
49
1315
58
86
88
38
1317
60
52
25
72
1320
15
99
31
74
1321
22
67
65
26
1323
68
49
64
12
1324
63
70
58
87
1327
75
14
72
78
1328
2
29
97
75
1329
9
50
75
5
1331
11
13
78
90
1332
55
31
3
31
1335
41
86
56
38
1337
46
13
43
46
1340
20
92
48
8
1341
4
38
89
36
1344
71
38
62
89
1345
94
98
13
52
1346
86
38
72
2
1348
65
52
33
30
1350
3
64
78
63
1351
75
9
44
65
1352
18
12
2
22
1354
41
93
16
2
1356
81
0
95
7
1357
72
29
18
61
1358
81
54
68
70
1361
16
29
49
6
1363
48
4
88
93
1364
49
85
93
82
1365
64
63
22
98
1366
20
79
48
20
1367
74
9
16
74
1368
91
59
18
71
1369
22
53
89
88
1372
98
45
32
62
1375
27
30
93
94
1376
74
46
94
28
1377
14
24
94
76
1380
88
37
80
52
1381
50
26
36
52
1383
97
90
17
92
1385
47
80
32
45
1387
6
62
51
51
1388
10
0
6
89
1389
68
31
18
22
1391
47
14
13
45
1392
94
70
17
3
1395
98
98
96
74
1396
17
76
67
57
1399
32
77
92
60
1405
44
18
7
69
1406
63
89
43
31
1407
54
40
6
60
1408
68
76
34
7
1411
36
26
82
58
1412
76
26
58
44
1413
71
37
63
85
1414
32
83
68
34
1415
87
24
59
45
1417
4
63
31
76
1418
5
62
64
67
1419
53
68
16
53
1420
51
67
47
80
1422
33
57
55
6
1423
30
90
49
65
1426
50
85
62
36
1427
25
88
11
92
1428
55
25
75
79
1432
90
41
91
12
1435
29
28
63
70
1438
54
34
51
20
1441
17
82
6
49
1444
40
79
50
33
1445
60
77
43
49
1447
30
43
83
3
1448
14
73
81
5
1452
36
48
56
20
1453
84
100
17
81
1454
26
73
42
78
1455
90
4
40
0
1456
48
70
96
36
1458
85
86
57
55
1459
26
9
31
31
1460
77
11
4
22
1461
55
19
34
59
1462
37
35
62
5
1463
94
99
31
6
1464
17
68
66
66
1465
53
2
73
80
1466
59
11
76
47
1468
7
12
2
31
1470
46
33
27
81
1471
68
88
70
29
1475
13
70
2
19
1476
17
59
13
3
1477
17
90
45
38
1480
85
46
31
12
1481
18
60
78
29
1482
68
68
8
1
1483
59
26
97
23
1484
78
52
10
20
1487
54
44
75
97
1490
11
22
96
99
1493
87
20
82
14
1496
23
65
55
34
1500
16
83
39
47
1503
44
20
33
47
1504
10
42
59
87
1506
51
57
57
70
1507
59
22
64
44
1508
61
14
79
97
1509
10
28
20
84
1510
98
36
26
94
1511
98
83
67
6
1512
63
21
28
63
1514
81
78
3
55
1517
74
50
11
76
1519
27
45
17
14
1520
49
90
34
85
1522
33
86
31
41
1524
88
17
14
22
1526
79
8
64
13
1527
35
97
91
37
1528
58
91
85
82
1529
6
75
87
71
1531
3
80
11
46
1532
90
63
84
97
1534
18
47
97
30
1536
81
23
15
11
1538
59
45
80
1
1539
45
91
72
40
1540
81
0
100
48
1541
46
54
51
76
1542
35
58
83
71
1544
54
1
60
32
1545
62
80
43
96
1546
73
72
68
8
1547
39
2
29
96
1549
64
54
41
85
1553
14
22
1
58
1556
55
80
38
52
1557
98
95
86
57
1558
11
5
57
60
1559
44
3
39
23
1565
19
22
90
25
1566
69
18
1
88
1567
85
45
21
33
1568
79
9
33
5
1569
6
72
65
56
1570
70
90
94
74
1572
37
43
64
71
1573
51
62
63
34
1574
10
3
50
52
1575
16
22
22
55
1576
59
82
75
35
1577
86
9
74
8
1580
7
45
90
83
1581
54
54
34
17
1582
46
76
19
21
1583
94
13
83
75
1585
4
73
35
15
1586
8
12
19
95
1591
60
75
20
55
1592
97
69
23
12
1593
45
72
55
90
1596
23
45
58
28
1597
12
58
38
51
1598
52
27
68
80
1601
22
42
49
47
1604
78
16
78
47
1606
7
47
34
1
1607
12
5
22
49
1609
24
43
15
7
1612
93
41
31
77
1614
50
86
18
75
1617
72
84
81
0
1619
12
71
32
64
1620
25
77
80
2
1621
30
57
32
91
1622
30
90
85
79
1625
49
62
59
71
1629
86
48
58
61
1630
96
99
64
92
1631
90
8
95
99
1634
50
95
43
91
1635
19
52
52
98
1637
81
18
39
66
1640
47
0
45
93
1641
94
41
13
46
1643
32
1
58
45
1644
98
38
26
75
1645
66
23
48
29
1646
19
97
37
96
1647
19
18
33
7
1648
8
36
43
54
1649
84
85
7
63
1653
73
3
61
47
1654
98
59
4
68
1656
78
97
8
62
1657
98
51
78
96
1658
49
80
70
65
1659
80
25
60
86
1660
11
96
12
77
1663
68
9
80
97
1664
96
74
99
58
1665
63
42
11
65
1666
28
80
31
59
1667
97
62
90
46
1668
17
8
93
28
1669
67
28
91
26
1672
13
53
0
67
1673
14
20
48
0
1675
22
61
74
48
1678
2
100
40
100
1679
77
84
48
60
1681
58
86
68
97
1682
60
68
66
70
1684
14
76
42
56
1687
20
61
63
75
1688
10
32
63
91
1690
80
49
21
2
1691
70
78
51
29
1692
50
93
66
81
1694
72
17
14
81
1695
20
98
67
14
1696
29
33
6
77
1697
71
63
30
16
1698
17
57
11
47
1700
84
57
42
33
1702
98
44
63
10
1703
57
72
57
27
1704
93
6
73
72
1706
74
100
21
2
1707
38
73
46
59
1708
35
92
40
94
1710
36
54
8
74
1712
29
9
8
60
1714
71
17
50
0
1715
82
83
6
36
1716
13
77
28
1
1718
90
6
83
68
1720
31
53
32
46
1722
100
26
94
44
1723
61
55
67
74
1724
14
67
96
72
1726
29
85
17
44
1728
6
72
95
17
1731
89
5
12
93
1732
69
99
76
63
1734
74
48
59
86
1736
77
11
52
71
1737
95
68
43
87
1739
73
73
11
37
1741
13
98
91
35
1742
82
90
100
99
1743
79
48
86
18
1745
95
87
69
7
1746
79
14
26
42
1747
22
39
53
64
1748
70
56
99
6
1749
62
48
93
67
1750
2
59
6
20
1751
40
60
41
23
1752
63
41
53
80
1755
46
98
18
65
1757
32
75
12
2
1759
72
19
100
8
1761
53
37
82
76
1764
72
28
78
36
1765
44
92
100
68
1766
95
62
85
4
1768
25
3
3
9
1769
27
89
66
71
1770
26
60
9
35
1772
73
58
51
17
1773
7
74
62
0
1774
57
52
11
96
1775
95
34
41
44
1776
78
34
35
22
1777
90
19
68
8
1778
43
76
12
78
1780
20
67
97
38
1781
87
15
5
1
1782
72
7
20
1
1783
18
97
74
71
1784
43
47
3
3
1786
12
20
13
50
1787
54
61
57
53
1788
44
92
6
62
1790
30
76
54
26
1791
32
65
13
19
1792
31
36
44
13
1793
14
16
23
100
1794
3
56
60
60
1795
99
15
10
54
1796
63
38
1
43
1797
72
54
29
57
1799
82
67
92
28
1800
85
20
73
76
1801
72
55
24
11
1804
37
29
60
70
1805
25
62
49
92
1807
13
89
7
80
1810
61
50
16
39
1811
31
51
3
12
1812
39
51
38
85
1813
80
54
65
19
1814
71
36
66
53
1817
4
98
71
47
1819
42
64
48
19
1821
26
90
82
69
1823
30
0
56
37
1824
27
32
38
77
1826
30
13
43
35
1827
33
87
62
12
1829
50
75
64
96
1834
26
35
67
31
1836
48
57
76
21
1837
60
90
6
93
1838
70
29
6
44
1840
82
26
6
77
1841
62
37
36
91
1842
22
72
0
84
1844
37
13
91
7
1845
68
50
58
42
1846
97
55
27
36
1847
28
25
0
55
1848
92
69
78
91
1849
19
83
88
90
1851
71
41
21
95
1852
76
37
70
20
1853
82
11
12
31
1854
0
13
27
93
1855
41
48
27
73
1857
75
74
57
82
1858
11
57
8
64
1859
80
66
4
64
1860
6
91
50
66
1861
15
80
96
55
1862
10
29
99
1
1864
4
21
24
27
1866
5
72
64
15
1867
17
60
30
9
1868
43
60
83
25
1869
80
38
14
94
1870
100
85
94
31
1871
46
24
32
22
1872
53
25
77
60
1874
36
100
98
15
1876
59
41
31
11
1877
44
52
28
49
1882
48
25
17
97
1883
64
92
91
91
1886
19
69
55
34
1887
35
17
92
40
1889
94
53
90
98
1892
57
57
9
90
1894
75
82
41
41
1895
1
57
62
93
1897
38
20
48
48
1898
21
57
13
92
1899
35
33
9
1
1900
94
94
54
21
1901
81
25
99
16
1903
40
14
49
18
1904
15
94
82
7
1905
20
42
83
83
1906
9
86
96
61
1907
62
4
42
4
1908
24
91
0
66
1909
13
19
56
47
1910
81
65
55
52
1912
83
49
49
29
1913
89
5
79
28
1914
32
17
63
47
1917
100
6
78
31
1918
73
88
9
76
1919
61
64
75
91
1922
7
29
41
71
1923
24
16
66
96
1926
66
32
9
98
1927
30
25
20
35
1928
26
18
51
13
1929
55
76
74
88
1931
7
49
31
59
1937
80
34
6
94
1938
23
66
32
11
1939
6
76
73
14
1941
53
85
63
18
1943
99
87
25
83
1944
18
11
62
96
1945
78
60
80
2
1946
0
21
7
99
1948
62
93
88
37
1949
36
53
30
16
1950
31
96
48
35
1951
78
7
17
46
1952
96
85
46
14
1953
32
84
48
21
1954
53
46
42
80
1955
7
96
98
57
1957
21
54
4
44
1959
86
42
21
8
1960
89
70
1
28
1963
97
22
91
93
1967
79
73
71
43
1968
77
1
78
60
1969
79
40
53
17
1970
73
77
2
59
1971
59
32
26
98
1972
27
50
24
28
1973
24
29
39
85
1974
61
97
63
65
1976
61
22
96
20
1977
100
72
47
46
1979
68
32
67
91
1980
50
23
78
52
1981
6
95
52
38
1982
51
40
39
92
1984
17
86
49
25
1985
94
36
59
8
1986
88
52
99
65
1989
13
27
95
46
1990
15
1
3
98
1992
59
68
5
60
1994
82
53
86
64
1998
79
70
98
72
2000
98
91
7
0
2001
23
23
64
23
2002
66
37
75
54
2003
71
91
88
73
2004
89
72
34
65
2005
38
46
36
65
2006
6
29
33
65
2007
61
34
83
87
2008
27
29
70
49
2009
14
31
18
7
2011
87
25
79
66
2013
87
49
75
8
2014
42
37
25
0
2016
7
40
14
15
2017
5
28
11
32
2018
92
72
52
55
2019
9
22
34
49
2022
64
31
83
91
2023
51
92
85
8
2024
49
11
26
77
2026
47
97
52
63
2027
79
20
45
9
2028
6
65
3
99
2032
7
54
51
81
2036
56
86
90
90
2037
39
1
56
70
2038
52
72
89
94
2040
6
37
9
48
2042
40
55
80
43
2043
35
64
12
4
2045
21
27
32
20
2046
92
38
72
27
2051
83
19
48
24
2053
41
81
81
21
2054
88
19
45
79
2056
77
90
32
95
2057
80
58
0
31
2058
72
92
92
5
2060
1
56
41
27
2061
16
26
6
67
2063
72
63
43
70
2064
95
32
86
64
2065
86
11
77
62
2073
77
14
68
30
2074
66
16
38
38
2076
73
22
22
75
2077
60
19
55
14
2080
100
36
78
69
2081
87
39
31
59
2082
86
84
18
34
2084
14
33
58
13
2085
62
17
95
33
2087
64
60
17
70
2089
32
45
40
76
2091
29
6
44
69
2092
58
37
7
24
2095
79
35
3
59
2096
19
9
65
29
2097
30
15
83
8
2098
17
89
98
40
2099
60
34
78
17
2100
12
65
66
77
2102
3
64
50
31
2103
53
60
93
14
2104
93
36
14
11
2105
27
59
82
19
2107
32
16
23
74
2109
82
22
46
39
2110
46
68
92
94
2112
47
66
24
81
2113
46
83
21
51
2114
73
79
80
22
2116
72
11
44
36
2118
5
63
45
64
2121
32
77
81
41
2125
39
87
33
36
2126
17
14
90
32
2127
79
25
36
42
2129
18
7
35
92
2132
41
0
48
74
2134
60
31
11
95
2136
15
31
46
58
2137
1
16
76
16
2138
69
97
77
90
2144
49
93
51
83
2146
36
87
30
72
2148
77
30
13
28
2149
15
61
76
83
2150
86
68
51
87
2151
92
11
65
42
2154
16
67
71
16
2157
60
90
39
81
2158
12
64
96
28
2159
84
93
80
93
2160
21
33
6
1
2162
38
77
4
24
2163
100
72
94
73
2164
52
46
60
59
2166
19
94
96
62
2167
37
2
49
79
2172
45
2
36
19
2173
90
1
98
23
2174
27
1
30
99
2175
29
92
52
31
2176
43
4
41
37
2178
48
84
42
92
2180
71
49
44
68
2181
21
20
27
85
2182
63
5
23
69
2184
89
21
34
92
2185
29
9
12
56
2186
50
30
65
87
2187
81
51
68
76
2189
38
27
47
29
2191
83
62
88
82
2194
79
64
79
20
2195
50
36
84
20
2198
56
45
60
67
2199
51
61
39
51
2200
68
19
70
53
2201
21
14
94
79
2202
82
81
63
53
2203
99
57
19
76
2204
86
13
13
48
2205
74
72
0
75
2206
22
92
36
6
2209
30
57
100
91
2211
9
25
55
43
2212
72
24
71
20
2213
79
55
22
85
2214
95
53
2
55
2217
48
88
28
19
2219
91
20
36
64
2221
4
84
78
91
2223
22
4
27
34
2225
82
92
46
62
2226
62
84
78
73
2227
52
89
17
41
2230
10
66
68
5
2231
91
55
69
9
2234
25
50
6
1
2235
1
35
63
23
2236
51
51
16
0
2237
55
94
40
47
2239
79
45
59
3
2241
58
77
94
63
2242
76
51
34
10
2243
81
2
3
59
2244
10
53
81
38
2246
29
52
63
21
2247
51
86
70
46
2249
70
69
39
71
2250
69
12
64
22
2251
61
22
79
63
2253
5
29
61
81
2256
30
81
91
26
2258
30
87
54
25
2259
17
50
42
36
2260
70
96
94
20
2262
74
31
92
63
2263
40
44
76
16
2264
61
100
73
6
2265
73
89
43
84
2266
71
16
24
49
2268
49
65
5
14
2272
24
5
78
10
2273
32
15
75
13
2274
93
95
99
14
2276
74
20
69
24
2277
76
51
93
60
2278
77
51
22
87
2279
26
100
60
81
2280
82
44
40
52
2281
17
62
67
27
2283
77
28
11
72
2284
53
15
53
62
2285
2
4
55
19
2286
97
100
42
26
2287
45
42
5
27
2290
93
71
66
78
2292
52
65
63
43
2294
82
45
84
50
2295
61
20
71
22
2296
97
93
85
55
2297
91
8
63
38
2298
53
100
33
26
2299
3
84
31
23
2300
47
16
58
0
2301
41
99
15
93
2302
25
48
44
33
2303
3
12
36
29
2305
8
91
67
83
2307
21
79
57
67
2308
68
25
26
29
2311
60
33
1
28
2312
35
5
1
68
2314
11
8
69
26
2316
97
82
47
95
2317
25
81
61
5
2319
52
65
35
65
2322
82
29
24
66
2324
8
44
8
44
2325
86
76
88
88
2326
40
57
88
47
2327
30
90
77
15
2330
77
17
4
40
2331
28
80
79
55
2332
55
26
54
47
2333
63
12
50
62
2336
35
47
90
38
2337
5
89
80
48
2338
58
54
29
13
2339
29
53
62
90
2340
3
30
47
78
2341
49
54
50
97
2342
42
33
86
93
2343
21
13
13
26
2346
33
97
43
68
2351
79
96
65
77
2352
76
99
35
47
2353
17
54
47
97
2354
89
11
28
23
2355
92
76
57
95
2358
69
42
88
47
2359
85
6
70
12
2360
86
100
74
46
2361
1
30
34
95
2363
13
77
35
2
2365
62
6
72
16
2366
41
92
83
17
2369
56
63
2
13
2371
73
73
31
49
2372
90
51
94
20
2373
22
40
80
42
2375
62
49
6
17
2376
84
42
51
56
2377
48
81
92
12
2378
76
4
23
53
2381
25
89
61
91
2383
54
58
16
77
2384
90
99
32
92
2386
80
2
79
62
2387
64
44
34
45
2388
84
26
16
50
2389
60
89
44
45
2391
99
99
5
18
2394
92
67
58
9
2395
6
55
34
56
2396
92
16
39
14
2398
87
99
0
18
2399
70
98
18
17
2400
23
74
67
3
2403
69
16
61
5
2404
26
29
98
10
2405
46
13
27
75
2406
54
21
94
85
2407
19
17
85
0
2410
76
68
71
3
2414
32
61
82
16
2418
53
68
32
69
2420
33
98
2
89
2422
90
1
49
78
2423
57
68
70
5
2424
34
75
61
83
2426
74
80
67
47
2428
23
14
71
94
2429
67
79
72
49
2431
96
58
1
1
2435
34
93
63
41
2437
78
59
51
14
2439
23
32
78
87
2440
37
76
81
57
2441
36
21
61
8
2444
45
17
94
69
2446
51
83
74
47
2447
74
12
35
42
2448
88
28
79
52
2449
88
33
82
87
2450
93
33
81
69
2451
29
76
64
87
2452
65
68
59
92
2455
88
68
30
8
2458
10
91
14
5
2460
69
36
95
63
2461
9
18
10
4
2463
97
24
34
32
2464
52
74
0
52
2465
33
17
28
47
2466
38
86
31
65
2469
99
25
90
41
2471
84
11
28
53
2472
1
64
40
29
2473
90
98
15
26
2474
93
2
45
88
2475
99
56
19
23
2476
0
18
46
31
2478
91
22
85
8
2479
94
77
13
93
2480
54
86
99
91
2482
90
29
21
4
2484
50
49
8
66
2485
74
58
65
12
2487
13
57
19
4
2488
28
91
61
10
2489
93
54
62
15
2492
83
19
34
1
2495
72
89
42
10
2496
88
21
10
33
2497
78
57
75
29
2505
92
69
59
58
2506
90
85
99
21
2507
86
90
4
94
2508
47
20
12
66
2510
12
92
78
0
2511
45
24
56
59
2512
100
77
29
26
2513
92
52
46
41
2514
80
43
23
91
2516
96
71
86
8
2519
29
95
8
25
2520
61
69
0
27
2521
40
36
37
51
2523
39
24
25
31
2524
36
34
68
90
2526
70
82
54
56
2527
31
26
21
39
2528
99
72
95
90
2529
89
50
91
60
2530
0
30
38
96
2531
53
46
75
26
2532
97
21
29
94
2535
100
39
76
97
2537
28
0
24
66
2539
91
53
42
84
2540
69
15
10
35
2541
54
10
92
88
2543
91
98
41
51
2544
86
7
69
65
2546
37
38
41
8
2550
32
5
3
16
2553
70
68
61
73
2554
40
58
67
85
2556
96
62
66
42
2558
48
59
12
56
2559
9
76
87
54
2560
22
79
73
54
2561
56
33
45
31
2563
37
68
65
12
2566
88
65
35
5
2567
97
74
63
60
2569
82
63
2
70
2570
89
31
25
7
2571
96
94
1
30
2573
39
20
35
29
2574
58
2
88
1
2575
25
97
18
59
2579
91
58
21
35
2580
68
61
100
47
2581
88
33
53
4
2582
63
58
34
48
2586
68
8
11
46
2587
26
65
15
28
2588
99
2
59
8
2589
73
85
7
31
2592
23
3
59
75
2593
57
45
58
54
2594
86
46
81
60
2596
87
43
24
45
2597
98
45
1
29
2599
26
62
8
74
2605
98
60
81
43
2606
97
9
55
89
2608
26
42
86
58
2609
68
63
70
28
2610
88
97
72
100
2614
60
64
74
14
2615
80
95
20
74
2616
25
3
37
61
2617
51
3
38
97
2624
67
49
100
95
2625
78
75
21
40
2631
70
51
48
98
2632
21
13
85
40
2634
13
12
83
42
2635
57
2
59
4
2636
0
73
38
79
2637
67
76
57
33
2638
82
37
27
25
2643
56
17
26
95
2645
8
38
7
96
2646
26
10
36
92
2647
34
62
72
45
2648
68
42
67
74
2650
45
85
48
49
2651
65
82
65
93
2652
27
45
15
11
2654
66
13
96
71
2656
9
35
21
49
2657
1
61
86
80
2659
37
97
33
63
2660
82
18
73
93
2661
17
6
94
62
2663
94
28
29
81
2665
84
30
37
21
2666
58
19
49
31
2667
87
11
27
99
2668
85
86
78
44
2669
24
8
21
45
2670
6
46
8
11
2672
8
93
14
28
2673
75
75
29
87
2674
17
48
6
64
2675
67
18
98
2
2676
83
44
21
50
2677
87
35
33
97
2678
84
93
80
35
2680
8
64
92
99
2681
82
29
41
30
2684
62
90
24
11
2685
12
32
81
90
2687
86
44
3
73
2688
32
94
95
47
2690
77
14
83
30
2691
76
14
18
20
2693
5
21
88
86
2694
6
94
8
3
2695
26
34
94
0
2696
35
59
91
57
2699
42
36
43
65
2700
45
91
70
51
2701
33
18
69
87
2702
42
92
68
83
2704
44
1
42
65
2706
70
39
91
45
2708
92
93
40
41
2710
80
95
14
60
2713
7
25
100
84
2714
5
87
38
46
2718
68
66
60
77
2719
97
44
25
35
2720
24
86
87
30
2721
56
78
44
52
2722
98
45
80
65
2723
6
36
28
87
2724
78
86
12
39
2726
49
89
23
33
2728
77
57
61
26
2730
28
20
66
0
2732
59
94
22
69
2734
61
10
47
47
2737
79
42
10
25
2738
90
4
90
1
2739
46
13
6
81
2740
92
22
92
49
2743
15
93
60
12
2745
67
12
23
75
2747
48
94
13
92
2748
64
13
61
37
2750
40
0
46
80
2751
22
59
61
16
2752
87
42
86
80
2754
46
29
29
54
2756
40
62
7
83
2757
77
68
90
10
2758
62
68
45
91
2759
44
52
25
27
2761
93
53
56
4
2762
41
2
61
51
2764
96
14
70
45
2766
0
45
43
16
2767
11
64
35
72
2768
78
21
100
13
2769
60
42
52
16
2771
48
94
26
0
2775
30
95
48
80
2776
12
62
54
5
2778
22
84
35
1
2779
70
63
69
28
2780
49
51
27
93
2781
33
27
36
42
2783
30
53
10
91
2785
46
47
87
82
2786
51
75
49
14
2787
67
53
71
15
2791
77
28
81
63
2793
66
44
4
37
2794
82
59
11
67
2796
45
41
14
1
2799
100
54
54
88
2801
43
82
100
48
2802
90
23
34
97
2803
84
24
34
77
2804
36
50
6
5
2805
88
20
47
19
2806
35
51
23
99
2807
61
10
65
80
2808
76
81
52
92
2810
82
38
37
73
2813
10
71
13
38
2816
66
70
100
4
2817
32
44
51
32
2818
11
85
30
48
2819
92
89
3
76
2820
15
50
5
17
2821
72
98
2
68
2824
24
86
90
37
2826
84
87
15
34
2829
94
97
50
13
2830
79
13
86
94
2833
62
96
14
51
2834
49
64
12
51
2837
1
79
40
1
2838
89
66
74
35
2842
94
19
47
50
2843
98
23
9
58
2844
62
9
35
97
2846
32
45
69
1
2847
3
65
42
62
2848
80
45
56
83
2852
87
81
53
15
2853
33
0
18
17
2854
59
47
51
40
2855
17
84
65
70
2856
65
16
60
21
2857
0
59
67
19
2858
56
82
64
26
2859
48
52
12
66
2860
28
59
96
51
2862
32
27
28
58
2864
25
3
46
33
2866
94
10
37
60
2870
85
60
29
84
2871
13
61
54
38
2872
11
31
55
13
2873
9
29
25
17
2874
52
28
89
34
2875
4
90
66
98
2877
9
72
86
70
2878
66
76
99
57
2879
97
52
4
42
2880
43
81
76
79
2881
58
19
54
8
2882
21
3
16
14
2883
25
86
18
3
2884
65
58
13
60
2885
0
56
75
74
2886
47
66
80
6
2887
13
44
94
8
2888
79
47
56
56
2891
74
15
47
22
2893
89
12
21
13
2895
74
16
26
17
2896
16
74
98
4
2898
72
17
5
94
2899
88
81
9
37
2900
70
24
42
16
2901
31
93
87
57
2905
16
63
87
41
2909
90
7
43
91
2910
55
8
91
33
2912
7
6
57
35
2913
22
41
34
14
2916
61
86
97
96
2917
9
94
63
16
2919
63
4
70
46
2920
80
87
29
38
2921
36
77
51
67
2923
83
88
36
89
2925
14
100
59
99
2926
35
25
31
31
2929
62
79
3
20
2930
51
62
48
57
2933
55
0
92
99
2934
85
57
12
71
2935
19
13
17
38
2936
41
45
43
55
2937
66
90
94
68
2938
99
95
32
19
2941
19
95
17
43
2942
74
49
68
58
2944
79
72
35
87
2947
91
58
27
36
2948
71
64
60
6
2950
66
16
64
89
2952
7
94
83
44
2954
18
52
2
60
2955
18
84
68
33
2956
3
65
98
93
2958
63
97
31
32
2959
37
77
31
4
2960
22
47
84
6
2962
47
91
71
32
2964
96
6
62
86
2965
44
10
79
75
2966
20
28
64
56
2970
75
52
70
12
2971
75
5
63
4
2972
83
18
42
54
2973
95
53
44
51
2974
32
6
36
12
2975
64
32
70
21
2976
91
6
14
0
2977
75
20
16
25
2978
75
5
86
0
2979
94
18
51
7
2980
86
9
12
76
2981
5
12
96
28
2982
0
88
43
77
2983
85
77
46
66
2984
54
60
11
8
2987
83
82
2
80
2988
33
16
61
28
2990
65
62
93
2
2991
64
47
37
64
2992
21
3
77
22
2994
73
40
12
61
2996
44
63
80
70
2997
76
25
48
90
2998
32
99
29
67
2999
97
97
11
59
3001
59
66
56
40
3002
59
46
20
15
3003
58
77
39
74
3006
18
81
8
26
3007
38
33
48
45
3008
62
67
34
17
3009
16
50
87
20
3011
54
56
10
20
3014
16
36
3
0
3017
53
12
19
62
3018
20
44
15
24
3020
51
19
26
47
3021
14
90
95
53
3022
4
76
36
48
3023
19
18
20
47
3025
42
40
82
11
3028
75
0
10
14
3029
57
65
2
54
3030
63
46
5
71
3031
21
59
48
63
3033
97
60
49
0
3036
8
64
56
63
3037
59
85
73
95
3038
10
10
86
82
3039
0
98
61
52
3040
74
48
1
41
3041
91
2
93
14
3042
52
80
59
2
3043
14
4
78
23
3044
26
46
69
90
3046
41
53
71
70
3047
48
18
80
66
3050
48
5
22
8
3053
90
89
59
30
3055
23
95
10
78
3059
54
84
76
80
3060
74
91
14
39
3062
87
10
51
58
3063
96
10
62
29
3064
75
29
92
40
3065
99
94
76
87
3066
44
18
48
50
3067
1
70
36
12
3068
76
81
72
81
3069
45
34
52
29
3073
56
28
14
94
3074
94
48
17
4
3075
84
90
15
62
3076
41
5
84
78
3078
13
62
59
64
3079
31
43
38
57
3081
69
17
70
85
3082
84
34
95
90
3084
44
17
58
23
3085
45
21
54
25
3086
54
41
70
48
3088
51
47
30
12
3091
77
57
48
0
3092
66
68
54
6
3095
18
33
90
59
3097
36
88
68
26
3098
57
4
51
68
3101
62
60
1
41
3103
18
1
46
86
3104
37
98
57
34
3105
25
86
75
0
3106
42
28
81
46
3107
22
90
20
90
3108
52
18
25
63
3109
13
3
32
6
3110
100
33
30
72
3111
15
5
87
52
3112
96
80
36
0
3113
74
18
27
52
3114
12
59
11
37
3115
9
25
94
0
3116
32
41
6
62
3117
89
62
22
72
3119
28
13
8
54
3121
19
94
99
32
3122
40
15
91
83
3123
4
50
45
11
3124
80
69
26
16
3125
5
50
18
56
3126
71
88
19
26
3127
68
43
78
50
3129
38
11
7
16
3131
38
69
68
68
3132
7
65
86
42
3134
2
63
59
48
3137
79
44
75
62
3138
11
36
43
73
3140
29
0
17
37
3142
78
94
2
94
3143
82
84
78
74
3144
23
7
61
97
3146
26
21
51
27
3147
16
28
79
95
3148
3
64
42
42
3149
44
97
27
55
3150
21
71
65
60
3151
21
3
81
97
3152
38
37
93
75
3153
50
74
7
79
3154
97
92
37
16
3155
11
90
16
71
3156
88
89
33
94
3160
29
35
79
88
3161
61
60
64
4
3162
59
78
8
68
3163
30
3
80
79
3164
46
11
25
17
3165
66
67
1
19
3166
66
87
32
35
3167
86
20
89
34
3169
27
46
5
32
3170
62
14
30
70
3172
2
79
89
8
3173
93
55
37
89
3175
70
34
39
36
3176
67
34
79
10
3177
97
4
39
2
3178
59
36
90
69
3179
56
15
96
51
3182
27
14
43
58
3184
87
6
61
90
3186
22
11
57
69
3188
25
64
24
21
3192
91
56
11
33
3193
8
97
54
59
3196
26
26
5
31
3197
70
96
29
82
3199
12
27
11
42
3200
22
38
39
64
3201
69
74
75
77
3203
90
42
47
5
3204
76
27
1
27
3205
52
11
73
1
3207
75
17
80
68
3211
93
40
43
94
3213
13
92
67
34
3214
75
71
39
8
3216
29
93
21
91
3219
26
13
78
53
3220
34
7
87
4
3221
32
50
100
97
3222
65
3
10
12
3223
98
33
57
13
3225
52
36
23
62
3227
88
26
45
16
3228
57
26
19
53
3230
1
43
57
31
3231
34
1
45
25
3233
20
97
91
83
3234
58
75
92
19
3235
58
11
41
24
3236
30
74
98
22
3237
100
51
58
41
3239
21
30
20
14
3240
11
94
62
91
3241
26
0
71
85
3242
32
58
17
20
3243
44
43
100
92
3244
98
13
47
29
3247
2
92
8
49
3248
74
50
86
85
3255
78
21
72
65
3256
53
33
6
16
3257
40
32
74
47
3258
23
99
60
43
3259
36
27
40
68
3262
64
66
97
0
3263
11
59
19
44
3264
78
32
52
68
3265
9
47
36
12
3267
59
23
13
34
3271
71
19
77
64
3274
51
37
29
4
3275
9
99
27
40
3276
49
26
40
35
3277
19
91
15
99
3278
41
28
11
56
3279
68
74
39
1
3280
65
22
33
33
3281
23
95
33
6
3282
66
77
43
67
3283
32
0
49
7
3284
50
98
41
67
3285
100
38
54
66
3287
24
85
39
4
3288
0
5
49
79
3291
92
1
49
48
3292
83
47
17
13
3294
74
35
73
80
3295
70
96
93
32
3296
24
87
61
79
3298
65
89
12
43
3299
36
91
25
73
3300
47
65
89
89
3301
47
91
4
6
3303
60
21
19
20
3304
50
30
54
40
3305
97
33
51
8
3308
77
73
65
62
3310
60
93
21
84
3311
84
3
82
67
3312
82
86
43
10
3313
88
16
83
12
3314
59
68
78
0
3315
92
94
58
76
3316
53
69
82
47
3317
43
59
89
35
3319
60
75
50
6
3320
32
59
46
99
3321
3
7
96
79
3322
3
46
34
11
3323
91
68
85
57
3324
88
58
49
100
3325
86
59
71
98
3326
96
29
100
89
3329
28
59
88
54
3331
74
24
16
28
3332
30
32
79
3
3333
86
80
22
57
3335
56
57
52
87
3340
25
82
84
42
3341
6
90
47
45
3342
70
63
70
50
3344
15
47
57
37
3345
51
1
19
4
3346
68
66
31
80
3348
88
90
89
62
3349
40
45
23
3
3351
16
7
3
24
3352
66
58
79
47
3353
94
63
79
38
3354
27
13
14
51
3355
43
21
17
87
3356
1
59
96
40
3357
41
0
90
7
3360
94
66
0
39
3361
50
17
67
9
3362
64
71
80
33
3363
10
69
77
12
3364
54
44
46
70
3365
96
85
29
80
3367
98
89
13
27
3370
3
52
22
12
3373
74
31
43
0
3374
84
17
9
87
3381
98
64
23
59
3382
94
34
54
36
3383
28
18
86
85
3384
35
0
84
7
3385
98
60
28
12
3386
25
74
6
8
3388
48
22
34
54
3389
7
29
75
1
3390
44
86
36
89
3394
33
52
2
16
3395
23
49
66
66
3396
71
38
8
89
3397
37
76
22
33
3400
49
65
34
36
3402
20
92
23
33
3404
69
71
67
97
3405
70
43
95
2
3406
69
80
69
42
3407
13
59
17
46
3408
79
5
67
65
3409
92
57
62
23
3411
62
49
57
48
3413
45
42
25
13
3415
48
21
55
3
3416
34
58
37
0
3417
83
98
64
71
3418
28
70
71
82
3419
5
66
67
29
3421
18
43
62
3
3422
17
90
30
27
3427
72
74
76
0
3428
7
42
76
72
3429
60
66
51
50
3430
57
3
88
46
3432
16
27
61
69
3434
79
82
78
39
3435
89
96
70
81
3437
98
71
4
80
3440
91
40
83
64
3441
45
66
8
54
3442
17
47
39
80
3443
42
7
74
62
3444
91
33
52
87
3448
77
48
22
1
3450
76
43
40
87
3451
31
0
56
39
3452
8
77
98
7
3453
98
69
30
28
3454
73
39
83
35
3456
86
38
58
17
3458
37
80
68
20
3460
17
72
18
10
3461
15
78
39
100
3462
73
12
93
93
3464
78
3
65
6
3465
39
8
65
67
3466
42
72
9
84
3467
67
44
68
76
3469
25
94
68
70
3470
71
99
67
20
3472
37
57
28
84
3473
49
51
65
83
3474
63
2
47
0
3475
50
70
100
72
3478
57
56
83
90
3479
26
38
56
27
3480
2
6
26
58
3481
78
16
7
91
3482
70
64
42
61
3483
97
70
10
76
3484
35
22
62
11
3488
14
27
72
60
3490
92
43
68
9
3491
66
84
91
10
3492
25
70
54
35
3494
94
88
83
88
3496
79
67
80
22
3498
68
79
53
32
3501
48
80
89
50
3504
71
71
84
16
3505
39
13
34
79
3507
4
53
48
22
3508
68
30
8
54
3510
20
94
30
1
3511
51
21
16
31
3513
93
36
64
63
3515
55
44
22
4
3516
9
56
11
56
3517
91
50
4
13
3519
41
40
42
66
3521
57
100
97
6
3523
66
12
96
99
3525
94
19
99
10
3526
64
72
65
4
3527
67
4
8
13
3528
17
68
77
63
3529
71
27
2
24
3532
59
29
90
95
3533
9
92
17
31
3534
13
21
25
68
3537
44
22
6
89
3538
70
91
98
64
3539
57
37
29
37
3541
75
85
41
29
3542
61
96
52
90
3543
97
8
96
71
3545
67
52
66
11
3546
59
70
67
87
3547
96
54
69
65
3548
66
33
33
71
3549
80
76
0
70
3550
44
87
23
37
3551
32
13
64
32
3552
26
40
47
86
3553
65
7
72
42
3555
81
30
33
33
3556
13
67
67
36
3557
0
68
36
84
3558
17
42
35
11
3561
94
22
74
44
3562
0
95
17
38
3564
62
52
18
0
3565
46
30
14
92
3566
80
30
23
81
3567
87
11
40
54
3568
22
85
95
36
3569
15
33
24
43
3570
34
44
88
73
3571
45
26
21
79
3573
100
41
47
13
3577
26
35
75
36
3578
9
99
51
15
3579
44
39
15
69
3580
65
61
100
10
3581
16
93
13
1
3586
72
6
76
57
3587
66
3
86
66
3588
85
3
21
15
3589
0
79
97
39
3592
59
70
14
89
3593
54
13
81
30
3597
25
55
83
73
3598
2
83
96
89
3600
52
54
86
20
3601
4
5
8
95
3603
95
37
11
45
3607
53
71
13
87
3608
78
46
12
40
3609
16
86
23
33
3610
52
44
95
64
3612
86
12
4
28
3613
29
5
33
50
3615
0
55
6
6
3617
33
71
93
76
3619
49
11
69
85
3622
21
4
14
82
3623
67
74
71
20
3624
39
66
92
31
3628
16
58
60
52
3629
97
39
24
83
3631
54
71
1
21
3632
16
92
29
28
3635
71
54
85
0
3637
57
96
44
70
3638
70
78
51
79
3639
23
62
56
52
3640
35
57
54
78
3642
58
8
54
100
3644
43
34
51
67
3646
35
18
11
96
3647
61
19
38
29
3648
93
97
30
36
3650
87
39
47
61
3652
19
39
94
4
3653
8
10
87
27
3655
32
83
24
47
3656
96
54
76
52
3659
86
80
87
33
3661
9
13
79
35
3662
37
17
24
98
3663
55
8
47
37
3664
53
98
16
5
3665
44
70
89
45
3666
69
74
41
50
3667
15
28
38
83
3670
29
53
53
57
3671
95
38
86
25
3672
78
21
97
82
3673
88
51
32
41
3674
34
14
49
85
3677
97
93
76
60
3678
5
58
41
6
3679
88
60
40
82
3680
31
47
82
31
3681
72
30
45
75
3682
8
41
82
10
3683
18
55
38
46
3684
10
68
12
89
3686
4
96
84
90
3687
51
24
77
35
3688
51
74
91
47
3689
50
92
30
47
3690
54
99
60
3
3692
41
18
2
71
3693
96
29
20
91
3696
49
17
72
65
3697
48
8
70
34
3698
4
67
25
28
3699
83
10
23
83
3700
44
50
99
20
3701
40
76
65
85
3702
84
27
59
94
3703
25
41
88
17
3705
98
62
98
8
3707
17
9
18
45
3708
57
95
59
87
3709
95
64
77
94
3711
80
43
74
23
3712
18
2
44
4
3713
92
84
50
58
3714
50
41
34
73
3715
17
51
96
83
3716
33
86
94
45
3718
0
56
89
26
3719
33
32
47
71
3720
27
74
65
71
3721
41
41
65
77
3722
91
82
5
20
3723
32
2
38
83
3724
57
6
94
40
3725
44
32
23
99
3726
49
42
42
19
3727
11
83
91
68
3728
30
5
8
100
3731
74
35
80
26
3732
42
29
80
41
3733
58
15
61
31
3734
44
22
85
49
3735
21
9
22
46
3736
11
89
34
37
3737
10
4
32
81
3738
89
64
79
68
3739
39
69
83
33
3748
89
86
35
19
3751
41
25
1
43
3752
87
15
50
56
3756
13
92
46
19
3757
69
3
92
38
3758
55
12
65
65
3761
89
38
88
47
3765
68
12
14
72
3766
19
98
34
17
3767
8
17
12
8
3768
18
64
58
2
3771
81
21
59
3
3772
1
70
15
92
3774
22
68
96
44
3775
8
55
31
78
3776
7
13
75
33
3777
20
46
47
65
3779
59
62
63
99
3781
73
73
85
4
3783
66
0
6
82
3785
62
88
28
77
3788
30
13
7
26
3789
83
56
98
50
3791
42
61
53
92
3792
73
25
26
100
3793
3
76
13
40
3794
99
13
96
30
3795
37
35
16
50
3796
91
85
91
15
3797
84
72
6
55
3798
65
50
92
90
3799
58
76
99
93
3800
69
45
23
22
3803
89
39
14
18
3804
82
51
14
97
3805
31
71
64
70
3806
6
67
78
60
3808
68
33
68
93
3809
4
62
98
44
3811
91
92
9
38
3812
6
82
8
46
3813
78
41
42
75
3816
96
58
7
7
3818
89
81
75
98
3819
40
92
89
40
3820
40
76
67
11
3821
38
24
97
45
3822
55
65
11
91
3824
22
87
2
60
3826
50
20
50
64
3828
93
6
31
10
3829
26
19
85
90
3831
69
90
4
92
3832
83
2
0
50
3833
18
35
37
1
3834
65
51
62
79
3835
0
60
50
35
3836
27
6
46
51
3837
98
51
1
94
3838
42
73
75
60
3839
80
81
71
40
3840
62
59
26
83
3841
5
11
10
89
3842
50
84
68
17
3845
95
9
22
60
3847
88
46
93
22
3850
50
20
68
33
3851
84
27
79
8
3852
22
8
53
85
3854
30
18
33
86
3856
80
64
66
73
3857
16
69
16
39
3858
29
70
76
16
3859
36
50
46
3
3860
69
16
18
3
3861
94
77
14
2
3863
28
99
41
19
3865
90
38
30
81
3866
7
20
74
81
3867
36
72
36
42
3868
40
74
30
54
3869
10
52
80
61
3871
65
80
18
2
3872
55
11
22
99
3873
36
15
16
17
3875
23
60
57
37
3878
65
62
11
7
3879
43
61
17
87
3881
29
68
50
97
3882
1
42
78
17
3884
17
67
70
9
3885
100
17
44
57
3886
31
73
60
86
3887
60
46
7
28
3889
98
42
78
43
3891
22
27
37
52
3893
44
44
1
26
3895
60
15
53
53
3896
28
54
75
31
3897
88
39
7
0
3900
95
8
40
58
3901
11
44
19
49
3904
61
6
8
33
3905
16
100
35
8
3906
74
75
89
83
3907
55
9
76
46
3909
44
55
89
9
3910
78
42
6
67
3911
60
93
74
61
3912
89
55
75
8
3913
72
1
38
10
3916
84
27
20
73
3919
50
82
83
61
3920
37
40
58
36
3922
28
49
24
16
3924
10
21
47
39
3928
37
86
86
73
3931
89
56
93
76
3932
43
61
91
91
3933
93
96
16
50
3934
48
12
94
96
3937
96
89
52
19
3938
66
7
94
91
3939
70
82
40
96
3940
11
16
36
71
3941
78
95
44
19
3942
47
67
60
53
3945
3
31
89
68
3946
50
54
1
34
3948
32
100
0
93
3949
70
41
14
98
3950
69
63
67
12
3951
30
33
31
93
3952
14
57
83
21
3953
86
36
89
33
3954
3
65
16
66
3956
15
59
25
83
3957
11
41
64
59
3959
73
13
48
76
3961
6
81
89
33
3964
78
1
94
75
3966
52
87
90
45
3967
93
58
21
28
3968
2
40
10
63
3969
31
0
52
19
3971
65
6
69
47
3972
1
2
27
44
3973
70
100
58
61
3974
23
16
0
25
3975
94
48
9
20
3976
98
27
26
25
3978
40
63
65
2
3979
20
26
14
80
3980
64
19
25
24
3982
48
16
54
15
3983
77
31
7
53
3985
76
36
62
60
3986
13
94
89
46
3987
32
55
78
0
3989
79
66
1
70
3990
4
99
40
55
3993
33
25
56
26
3995
79
25
15
77
3996
37
0
91
49
3998
90
68
87
76
4000
93
69
90
11
4001
17
43
47
8
4005
40
65
73
51
4006
4
19
72
57
4007
87
71
58
66
4009
14
72
37
18
4011
1
12
3
6
4012
23
6
82
85
4013
67
89
75
29
4017
43
77
36
73
4019
59
50
91
79
4020
68
64
84
30
4022
91
15
46
62
4023
8
51
50
78
4024
57
39
86
49
4026
79
1
11
56
4027
0
99
87
33
4028
17
32
66
69
4029
96
63
98
64
4030
17
23
85
69
4031
68
1
98
20
4033
40
81
84
52
4034
63
79
60
79
4036
71
5
23
16
4037
71
79
30
33
4038
80
0
93
72
4039
42
84
24
37
4040
23
75
69
42
4041
48
43
14
75
4042
84
98
18
16
4043
96
67
44
74
4044
31
63
83
81
4046
51
4
1
75
4047
68
16
58
13
4048
81
11
84
88
4049
32
77
21
42
4050
5
56
62
96
4052
87
16
15
94
4053
85
29
7
76
4054
1
2
38
43
4055
43
96
23
50
4058
17
16
90
70
4059
15
6
21
63
4063
20
90
90
74
4064
23
23
71
51
4066
35
86
80
32
4067
61
51
94
100
4070
58
18
36
24
4071
81
27
87
41
4072
6
47
86
4
4073
37
41
89
81
4075
42
34
71
38
4076
29
68
51
35
4079
5
72
93
47
4083
58
96
93
99
4085
12
76
74
33
4086
33
58
100
51
4087
6
67
15
100
4088
61
83
61
88
4089
55
69
70
57
4090
8
33
66
42
4091
35
99
20
31
4094
20
52
90
16
4095
7
57
42
93
4098
91
98
67
47
4099
96
9
30
93
4100
8
89
99
10
4101
49
26
21
41
4102
48
83
73
2
4103
83
30
95
57
4104
81
83
12
8
4105
54
55
12
66
4107
18
70
27
9
4108
16
7
48
70
4109
49
75
53
71
4110
31
61
43
98
4111
26
33
88
42
4112
81
56
16
28
4113
36
44
55
80
4114
69
56
60
39
4116
19
87
5
62
4118
79
47
39
61
4122
96
75
8
12
4124
15
9
99
36
4127
71
97
94
47
4129
69
46
3
37
4130
41
70
28
35
4131
34
78
82
31
4132
20
19
85
96
4135
86
57
31
96
4136
77
77
92
79
4138
75
5
98
10
4139
96
84
33
43
4140
0
57
4
8
4141
76
48
45
100
4143
14
6
96
85
4145
80
89
96
87
4146
91
79
44
76
4147
13
82
19
88
4149
92
58
19
75
4150
66
71
31
66
4151
75
37
1
98
4152
5
72
52
76
4153
33
81
100
55
4154
85
63
52
82
4155
87
20
46
43
4157
89
22
1
23
4158
26
85
43
57
4159
49
42
11
62
4162
44
6
57
94
4163
41
12
27
97
4164
60
75
4
43
4165
87
47
21
53
4167
62
7
73
18
4169
62
40
73
23
4170
88
32
1
57
4173
93
12
42
18
4175
98
29
69
18
4177
67
35
26
38
4178
87
78
54
52
4180
64
2
79
87
4181
12
17
21
23
4182
81
57
88
32
4183
75
12
54
20
4186
73
34
39
73
4187
54
41
15
25
4188
76
29
53
55
4190
50
61
17
68
4191
27
67
30
94
4192
30
15
29
73
4196
89
28
52
53
4198
30
87
80
88
4200
26
83
50
70
4205
94
39
95
16
4206
61
60
97
44
4207
42
70
86
76
4208
96
47
56
94
4209
87
23
76
92
4211
68
53
73
45
4214
7
69
95
26
4215
40
48
66
62
4216
34
2
58
23
4217
20
34
90
6
4219
96
89
29
71
4222
14
87
77
86
4223
34
100
32
93
4224
56
36
79
50
4225
63
44
72
81
4230
32
11
68
3
4231
1
32
1
13
4235
91
62
97
98
4236
58
5
75
16
4237
88
80
11
14
4238
69
42
5
54
4239
35
100
84
37
4243
51
85
32
98
4244
81
31
85
33
4248
46
87
54
68
4249
80
22
17
74
4250
52
26
83
77
4251
83
35
7
57
4252
21
71
64
98
4253
57
43
26
89
4254
16
45
13
17
4256
47
12
29
11
4257
2
97
34
54
4259
62
21
15
74
4262
55
81
88
1
4263
14
6
34
75
4264
95
23
2
48
4265
86
57
76
46
4266
66
72
8
1
4268
69
77
42
76
4269
57
53
78
66
4271
5
19
60
33
4272
76
58
48
80
4274
44
97
86
33
4275
67
72
22
4
4276
70
52
5
87
4277
61
5
11
87
4279
81
18
45
79
4280
59
46
72
73
4281
61
35
74
14
4282
39
98
94
60
4283
79
61
58
65
4286
92
36
16
5
4287
18
17
36
25
4288
3
22
57
55
4289
53
28
52
95
4292
50
73
6
0
4293
92
93
91
0
4294
1
58
38
39
4297
9
80
25
10
4298
76
90
44
16
4299
35
79
45
66
4304
60
15
13
56
4307
23
57
20
6
4308
70
18
78
41
4310
38
3
56
89
4311
99
24
4
44
4312
36
26
45
6
4313
99
12
21
17
4316
47
71
84
45
4317
0
11
86
72
4318
45
86
90
70
4319
22
85
79
58
4321
49
27
57
10
4322
20
26
18
53
4323
62
62
70
78
4326
3
80
8
57
4330
28
47
0
12
4332
12
77
18
45
4333
73
37
18
59
4334
100
82
90
90
4335
26
25
80
68
4336
67
52
67
17
4338
78
87
69
83
4341
3
2
100
9
4343
89
66
61
80
4344
28
75
58
43
4345
42
1
26
61
4346
7
57
29
3
4347
80
43
17
31
4348
93
74
80
48
4349
80
13
2
93
4350
48
40
52
70
4351
62
44
25
89
4353
52
55
14
17
4354
62
64
63
98
4355
20
93
93
69
4356
23
13
100
69
4357
1
52
92
0
4358
33
54
37
82
4359
39
71
26
64
4361
6
62
16
70
4362
37
87
43
47
4363
56
92
56
58
4364
87
54
1
49
4365
45
54
98
9
4366
32
22
90
71
4367
14
11
39
80
4368
62
53
75
46
4369
82
11
10
64
4370
95
17
34
51
4371
98
33
73
8
4372
56
87
87
5
4373
4
21
27
94
4374
79
89
98
28
4375
39
93
31
17
4377
90
63
81
57
4378
22
82
56
32
4379
11
0
38
91
4382
49
7
0
1
4383
6
85
85
41
4385
53
91
29
83
4386
4
49
29
16
4387
16
2
69
81
4388
81
34
90
55
4391
26
6
42
12
4394
24
37
89
90
4396
7
67
75
84
4397
46
77
22
62
4398
28
31
32
74
4399
48
87
78
64
4401
43
39
77
67
4403
28
42
19
25
4406
8
22
44
51
4408
67
8
45
8
4409
34
62
63
74
4410
90
11
53
64
4413
20
89
79
25
4414
14
17
70
18
4415
10
19
97
60
4417
31
58
49
93
4418
54
52
31
60
4419
92
3
53
5
4420
20
26
96
92
4421
60
24
44
19
4427
86
19
96
5
4428
65
30
0
6
4429
96
36
83
92
4430
7
30
99
7
4431
14
77
75
46
4432
48
72
45
91
4433
42
24
5
24
4434
89
60
55
81
4436
13
40
64
43
4437
70
70
2
26
4438
29
69
61
45
4439
9
41
48
70
4440
82
66
7
66
4441
92
44
68
51
4442
6
47
67
2
4447
77
22
80
20
4448
76
99
45
9
4449
39
47
92
91
4450
76
48
50
62
4451
39
70
47
73
4452
25
55
12
1
4453
68
17
20
84
4454
19
20
97
60
4457
40
3
69
68
4459
91
42
5
52
4461
6
91
30
14
4462
42
49
66
94
4465
96
19
81
58
4467
29
85
41
30
4468
16
98
47
73
4471
51
15
61
17
4472
6
44
37
60
4473
81
84
0
23
4475
9
60
70
52
4477
50
92
98
16
4478
50
58
17
66
4479
88
69
67
36
4480
68
88
8
24
4481
25
50
12
3
4482
43
63
0
12
4483
18
71
8
92
4484
25
89
71
63
4485
80
54
49
53
4486
95
19
30
33
4488
5
17
8
28
4489
72
43
46
54
4491
20
95
92
61
4493
56
44
63
35
4494
97
67
15
93
4497
61
48
46
75
4498
58
89
34
55
4499
95
15
21
70
4501
8
79
31
56
4502
86
25
44
60
4504
56
47
9
9
4505
63
58
29
38
4506
49
30
4
63
4507
14
65
56
46
4508
31
14
94
98
4509
32
8
45
31
4511
71
63
85
90
4512
78
59
15
39
4514
27
81
37
47
4515
32
74
78
21
4516
72
1
22
73
4517
0
15
86
5
4519
30
63
19
75
4521
43
78
84
56
4522
80
51
14
0
4524
78
23
52
3
4525
98
59
66
60
4526
77
4
63
96
4529
83
17
88
54
4530
26
79
0
66
4532
46
65
76
83
4533
87
1
85
51
4534
45
97
80
47
4535
25
2
10
36
4536
14
80
50
100
4537
66
42
77
25
4539
64
33
59
40
4540
30
85
94
44
4542
70
67
94
88
4543
67
77
12
68
4544
90
30
86
72
4545
76
1
64
28
4548
16
29
47
67
4549
13
69
65
19
4550
18
87
51
62
4553
25
100
65
52
4555
25
96
36
0
4556
97
35
4
73
4558
84
53
11
98
4560
86
36
33
61
4561
88
80
39
54
4563
86
49
37
86
4564
96
6
48
3
4566
67
4
25
99
4568
41
71
14
14
4570
31
59
96
78
4571
48
89
98
51
4572
49
59
10
96
4573
97
15
59
59
4575
48
19
47
56
4576
48
12
26
35
4577
100
43
59
66
4578
0
23
21
44
4580
57
86
71
14
4581
36
26
65
31
4583
73
88
55
77
4585
73
45
55
30
4586
17
87
73
92
4589
48
13
64
73
4591
38
19
29
29
4592
9
53
2
54
4596
14
20
98
75
4597
68
97
91
95
4598
58
72
29
54
4599
54
63
22
42
4600
48
47
59
22
4601
6
24
22
51
4602
2
63
3
42
4604
44
64
18
65
4606
69
43
23
46
4607
51
24
19
12
4608
88
18
64
9
4609
69
88
51
73
4611
17
50
74
60
4612
20
18
75
91
4613
96
1
78
83
4614
41
19
54
16
4616
81
33
34
51
4617
17
53
48
14
4619
2
14
72
21
4620
42
16
45
23
4622
55
91
82
66
4623
48
34
53
75
4624
94
51
79
86
4626
73
34
74
53
4627
26
62
3
95
4628
68
99
90
31
4629
64
19
87
82
4630
77
59
58
99
4631
99
85
67
40
4632
1
51
65
19
4633
32
79
40
94
4634
30
79
83
46
4635
35
45
37
32
4638
59
50
13
15
4640
45
70
75
44
4641
48
15
21
26
4642
18
100
25
50
4643
61
82
68
7
4644
20
26
69
22
4646
32
10
29
86
4647
55
86
18
97
4648
48
15
36
26
4650
86
85
61
8
4652
3
47
35
1
4654
14
40
13
25
4655
88
61
82
87
4656
82
10
95
36
4657
28
90
73
18
4659
2
31
47
54
4660
26
68
91
84
4661
96
39
98
25
4663
47
45
96
7
4665
71
22
29
22
4666
41
19
45
19
4667
94
71
59
29
4668
80
45
90
16
4669
0
8
97
97
4671
59
94
2
25
4672
38
29
66
32
4675
38
58
52
8
4676
63
66
30
94
4677
30
29
64
27
4678
56
25
49
31
4679
10
45
38
23
4680
7
2
92
47
4681
58
96
46
87
4682
33
61
41
57
4683
29
24
12
3
4685
63
84
17
86
4686
61
89
25
1
4687
11
59
91
0
4688
61
61
28
31
4689
35
40
11
88
4690
61
89
34
29
4691
96
24
96
21
4692
60
77
55
93
4695
67
13
58
76
4696
76
97
31
32
4698
0
29
80
38
4701
42
49
50
91
4703
56
60
27
14
4704
90
66
44
28
4706
11
58
98
58
4707
12
98
57
73
4710
46
61
77
60
4711
5
33
33
94
4712
41
26
7
14
4714
31
20
36
83
4715
14
51
57
1
4716
24
33
48
85
4717
11
18
98
40
4718
20
35
26
47
4719
14
64
99
46
4720
15
4
60
6
4721
63
81
11
61
4724
15
32
58
78
4726
19
98
51
99
4728
72
59
22
73
4731
77
83
46
76
4732
19
34
95
86
4734
73
11
93
12
4735
93
26
27
3
4736
7
80
42
43
4739
69
13
57
75
4742
21
30
90
74
4743
12
11
81
10
4744
54
63
57
13
4745
69
46
3
87
4746
4
45
75
80
4748
72
92
79
99
4749
7
52
68
8
4754
83
99
3
68
4755
1
49
8
78
4757
18
31
55
34
4758
38
76
27
34
4759
23
36
95
93
4760
36
23
5
79
4762
84
15
43
17
4764
100
90
26
18
4766
87
89
65
26
4768
65
44
34
9
4769
63
63
54
99
4770
96
37
34
14
4771
67
17
2
22
4774
64
19
17
40
4775
30
54
51
55
4776
76
68
86
86
4777
71
65
77
66
4778
89
61
91
98
4779
20
94
36
16
4780
100
88
75
13
4782
78
61
79
45
4783
54
35
100
43
4786
68
97
19
7
4789
13
65
96
71
4791
80
85
86
92
4793
64
74
54
12
4794
51
12
25
21
4796
15
83
98
88
4799
92
45
67
25
4801
64
99
6
77
4803
82
17
87
3
4804
82
18
1
17
4805
29
83
73
35
4808
48
19
95
84
4809
9
68
36
8
4810
51
9
67
90
4812
96
99
3
26
4813
12
26
65
47
4815
68
51
32
93
4817
2
20
98
78
4819
36
44
97
84
4820
91
18
87
36
4821
99
7
12
1
4822
46
52
6
91
4823
60
39
10
23
4824
92
35
56
37
4826
35
77
53
43
4827
29
34
18
61
4829
99
84
80
76
4831
77
10
4
93
4833
48
28
45
9
4834
76
47
83
100
4835
20
6
68
81
4836
52
54
18
78
4837
7
61
65
24
4838
44
89
66
83
4839
41
45
27
72
4840
53
72
58
15
4841
15
6
93
59
4843
61
37
46
57
4845
56
5
30
83
4848
54
70
43
83
4849
87
28
28
78
4851
40
20
5
15
4852
56
13
69
5
4853
43
62
83
57
4854
56
9
40
95
4856
81
91
6
64
4857
72
70
25
17
4858
30
69
100
95
4861
90
34
31
94
4864
88
28
21
10
4865
36
14
83
86
4867
93
69
80
69
4868
1
24
69
62
4871
21
82
57
25
4872
90
18
52
58
4873
95
69
99
6
4874
76
90
99
10
4875
79
61
0
44
4876
65
86
32
94
4881
92
4
33
75
4882
41
44
42
51
4884
55
99
44
29
4886
62
12
57
6
4887
10
70
87
0
4890
20
90
68
27
4891
63
18
95
40
4892
64
31
82
39
4893
58
99
64
60
4895
7
99
28
47
4896
26
49
95
2
4897
49
14
75
17
4898
69
12
18
81
4899
66
83
14
77
4901
61
61
64
32
4903
46
63
23
82
4904
77
87
33
57
4906
25
5
59
1
4909
36
86
61
45
4911
26
72
85
10
4913
42
97
71
57
4914
0
75
42
55
4915
72
49
78
58
4916
50
81
91
95
4919
74
54
36
90
4920
60
61
84
15
4921
43
84
41
14
4923
96
70
15
18
4924
30
86
7
37
4926
45
48
0
97
4928
12
0
43
95
4929
38
2
18
78
4930
99
92
66
75
4932
78
45
31
98
4936
4
92
72
18
4937
30
60
70
72
4938
31
22
30
78
4939
42
11
1
13
4941
96
97
0
78
4942
63
70
68
44
4943
67
6
65
68
4947
74
66
23
15
4948
42
15
29
16
4949
14
13
32
25
4951
18
74
71
98
4953
61
71
23
19
4957
86
45
16
11
4958
75
13
76
61
4960
97
79
29
43
4962
49
63
2
72
4965
56
40
99
4
4966
58
83
8
33
4967
86
60
24
50
4968
35
17
34
23
4969
77
89
90
63
4970
79
84
79
59
4972
92
3
28
80
4973
42
36
18
42
4974
49
3
90
17
4975
56
56
99
14
4976
83
16
91
82
4977
97
4
67
59
4979
19
28
96
71
4982
28
8
76
86
4986
15
16
4
98
4990
15
100
59
69
4992
67
68
2
19
4993
52
76
98
10
4994
27
9
81
27
4997
76
94
76
73
4998
31
59
52
61
4999
38
93
28
89
5000
41
6
57
54
