5000
1
64
11
39
3
2
35
16
22
67
3
95
21
52
54
4
100
75
5
62
5
27
81
33
46
6
33
27
5
25
7
80
84
27
21
8
84
35
46
26
9
27
67
80
27
10
59
8
11
38
11
1
1
73
75
12
10
41
95
71
13
98
66
58
15
14
83
84
12
13
15
3
55
63
33
16
9
47
91
30
17
52
57
49
54
18
9
56
30
37
19
49
78
65
60
20
19
23
94
19
21
68
99
22
80
22
28
83
63
57
23
87
47
29
3
24
12
91
24
72
25
31
53
90
77
26
58
27
25
79
27
33
59
93
31
28
82
59
93
41
29
18
88
47
16
30
10
1
91
50
31
3
31
16
88
32
23
81
50
12
33
92
61
73
13
34
98
94
90
47
35
66
88
14
3
36
6
35
76
42
37
1
13
37
37
38
34
51
36
69
39
34
100
83
16
40
70
89
74
42
41
86
45
79
69
42
2
76
66
41
43
17
22
48
28
44
53
98
30
53
45
3
50
10
1
46
99
72
42
79
47
85
42
15
1
48
88
32
51
22
49
12
20
3
2
50
97
51
31
32
51
4
56
33
4
52
61
51
20
51
53
93
81
7
5
54
84
79
32
98
55
92
58
10
61
56
7
35
40
14
57
87
10
81
47
58
59
57
63
88
59
71
7
82
97
60
51
79
29
38
61
27
30
84
39
62
92
5
87
59
63
36
28
36
91
64
51
65
21
93
65
23
24
0
33
66
29
64
35
51
67
91
19
74
32
68
79
90
18
76
69
82
31
79
10
70
31
32
23
12
71
73
59
29
34
72
8
5
34
16
73
53
93
34
35
74
60
4
79
31
75
70
62
15
74
76
81
87
94
95
77
87
71
28
38
78
67
96
63
16
79
29
81
64
15
80
64
75
25
88
81
53
71
55
96
82
51
12
90
40
83
13
27
24
18
84
31
59
67
82
85
32
32
10
27
86
67
70
17
4
87
46
5
17
8
88
22
50
59
81
89
26
99
31
64
90
27
22
96
17
91
30
46
91
43
92
83
15
100
53
93
11
50
69
11
94
68
99
90
53
95
10
26
89
5
96
29
11
76
38
97
66
37
84
33
98
94
75
89
2
99
98
18
83
75
100
12
65
72
10
101
29
71
62
24
102
44
59
42
78
103
68
48
49
22
104
65
100
81
49
105
23
74
8
69
106
93
43
21
17
107
87
66
72
44
108
48
63
37
54
109
54
66
19
81
110
61
47
61
94
111
36
70
95
23
112
32
29
51
41
113
79
77
23
35
114
58
86
50
29
115
91
38
23
34
116
39
14
86
70
117
94
44
94
45
118
52
2
92
34
119
20
46
91
36
120
85
47
45
86
121
100
39
59
38
122
36
26
52
34
123
53
78
58
48
124
16
81
98
29
125
89
39
6
3
126
45
12
84
99
127
54
83
71
82
128
43
90
65
83
129
70
22
87
58
130
64
58
67
25
131
73
84
12
22
132
47
71
100
46
133
9
97
7
46
134
45
23
8
90
135
4
38
27
2
136
66
81
63
31
137
17
25
64
38
138
75
37
81
81
139
8
90
58
18
140
93
53
69
76
141
12
12
45
0
142
42
72
53
35
143
78
12
47
45
144
90
20
38
15
145
55
73
12
90
146
24
50
71
24
147
78
1
25
44
148
67
86
70
4
149
40
38
19
72
150
13
67
85
78
151
57
83
70
37
152
45
51
37
62
153
72
11
28
71
154
46
46
5
61
155
68
59
13
58
156
4
87
30
13
157
54
64
16
72
158
52
95
87
19
159
98
42
10
97
160
88
53
40
26
161
42
59
14
31
162
14
17
100
42
163
43
74
59
97
164
36
77
42
30
165
72
45
19
34
166
54
13
7
15
167
24
17
5
79
168
7
76
78
19
169
84
27
19
1
170
81
19
75
45
171
9
35
1
31
172
56
68
27
51
173
11
34
24
97
174
40
15
69
63
175
39
20
61
29
176
76
15
37
69
177
74
37
87
15
178
79
7
84
3
179
60
61
59
84
180
25
85
29
88
181
66
39
94
20
182
56
53
27
48
183
29
15
98
88
184
0
17
87
68
185
49
95
100
31
186
90
28
86
23
187
47
91
8
53
188
87
1
95
64
189
15
2
4
74
190
51
92
73
83
191
38
18
61
85
192
14
27
98
72
193
2
83
86
98
194
6
88
16
22
195
95
46
65
45
196
17
96
63
63
197
66
52
75
100
198
87
21
14
35
199
43
57
22
16
200
98
51
31
4
201
30
0
38
70
202
16
38
88
78
203
73
17
100
30
204
89
75
20
94
205
16
68
18
82
206
62
57
38
45
207
5
40
66
55
208
43
28
100
46
209
57
95
6
69
210
40
48
73
80
211
8
32
65
86
212
40
36
57
65
213
35
82
35
47
214
67
7
78
67
215
77
1
0
81
216
92
71
1
93
217
82
67
37
76
218
26
19
65
44
219
89
30
72
23
220
2
50
40
14
221
91
49
47
20
222
16
81
26
68
223
34
56
50
81
224
65
81
100
66
225
45
60
63
84
226
58
57
91
89
227
13
45
57
90
228
88
94
0
35
229
13
84
78
44
230
63
92
1
16
231
2
43
63
19
232
65
64
20
31
233
20
82
24
58
234
10
82
81
2
235
86
79
36
38
236
32
0
100
35
237
90
91
92
68
238
37
99
78
63
239
50
27
57
55
240
75
70
76
38
241
53
79
48
19
242
71
62
0
31
243
10
58
84
30
244
19
52
5
38
245
9
0
63
21
246
7
20
80
16
247
30
41
76
93
248
12
23
33
38
249
32
66
2
61
250
32
53
18
46
251
65
79
89
47
252
61
89
77
21
253
31
12
92
25
254
67
22
66
44
255
42
69
18
18
256
33
70
86
52
257
33
83
65
44
258
100
73
96
21
259
26
85
88
34
260
87
85
63
47
261
64
19
36
92
262
56
16
98
83
263
31
91
69
53
264
17
81
51
57
265
49
50
98
65
266
82
42
40
44
267
18
78
52
44
268
37
43
60
80
269
25
27
49
13
270
27
30
74
82
271
69
84
77
21
272
23
21
6
2
273
71
71
62
23
274
100
38
51
83
275
50
98
0
6
276
4
44
27
97
277
40
7
83
43
278
39
82
50
6
279
73
94
7
16
280
16
43
77
50
281
9
57
57
56
282
24
19
75
99
283
61
94
10
58
284
45
84
42
31
285
89
41
58
45
286
18
35
19
34
287
77
1
6
91
288
61
74
7
77
289
17
17
98
80
290
93
70
61
31
291
63
66
30
44
292
67
48
45
2
293
23
52
80
88
294
26
84
78
58
295
14
0
79
21
296
38
28
20
73
297
34
29
64
59
298
48
64
40
81
299
71
16
30
84
300
88
83
9
28
301
87
55
66
87
302
62
85
100
26
303
79
68
51
32
304
85
81
11
85
305
15
92
65
94
306
90
69
43
2
307
56
51
10
7
308
91
36
72
42
309
34
50
57
69
310
49
25
18
16
311
78
15
36
85
312
88
99
27
30
313
19
32
21
17
314
19
21
7
81
315
5
75
67
93
316
51
4
43
90
317
81
45
8
37
318
46
80
17
62
319
22
11
100
75
320
100
49
73
100
321
61
56
80
61
322
11
49
3
99
323
9
33
37
23
324
69
84
98
45
325
0
46
60
56
326
6
85
14
9
327
81
74
21
46
328
80
16
78
22
329
27
53
99
99
330
27
83
52
24
331
57
6
70
92
332
37
33
43
70
333
81
10
47
31
334
4
10
72
20
335
21
79
79
23
336
99
75
72
74
337
96
22
77
29
338
13
100
61
12
339
13
75
42
53
340
17
42
92
20
341
99
94
4
24
342
42
54
58
72
343
88
94
1
78
344
20
1
49
25
345
12
58
57
2
346
37
93
45
2
347
84
25
40
98
348
75
19
90
99
349
3
16
63
69
350
68
90
78
50
351
22
56
36
62
352
88
20
78
51
353
71
21
16
99
354
16
45
9
47
355
49
57
35
94
356
87
74
30
66
357
57
38
37
99
358
56
10
36
17
359
14
69
51
18
360
82
15
20
66
361
35
45
7
95
362
94
88
6
99
363
20
38
98
2
364
23
4
70
62
365
58
17
13
72
366
72
53
76
32
367
82
32
100
84
368
61
71
54
28
369
73
97
48
1
370
33
20
80
38
371
50
28
93
93
372
36
73
39
33
373
40
76
31
9
374
93
0
42
38
375
29
0
90
86
376
11
20
37
22
377
51
25
69
22
378
7
23
63
2
379
81
58
29
94
380
11
97
18
48
381
18
34
25
98
382
2
55
28
24
383
92
36
1
30
384
23
44
72
91
385
54
36
28
95
386
40
49
53
44
387
55
25
67
90
388
17
72
37
21
389
89
51
32
26
390
51
5
18
49
391
46
41
94
73
392
39
35
10
92
393
22
86
9
5
394
65
81
78
84
395
45
23
10
7
396
44
23
83
96
397
37
9
70
67
398
38
45
30
97
399
76
14
40
49
400
11
81
52
93
401
100
96
52
66
402
81
21
14
1
403
53
54
90
2
404
89
9
7
83
405
66
18
12
37
406
75
70
58
41
407
90
36
84
42
408
14
67
43
81
409
44
2
78
91
410
34
60
33
91
411
69
61
73
74
412
2
92
83
38
413
90
21
15
80
414
66
23
0
51
415
27
53
93
70
416
44
43
7
65
417
61
94
77
16
418
43
5
5
70
419
69
53
72
59
420
0
47
26
1
421
14
20
5
98
422
7
62
90
85
423
60
36
47
44
424
50
46
44
44
425
37
8
11
43
426
60
98
94
47
427
2
64
36
86
428
94
44
78
72
429
71
11
79
72
430
21
79
20
69
431
2
41
100
55
432
59
72
17
14
433
81
84
53
35
434
72
93
53
27
435
6
68
87
18
436
13
51
5
1
437
39
56
98
64
438
50
38
64
59
439
39
1
81
84
440
10
22
62
2
441
41
24
0
64
442
50
93
86
46
443
90
4
0
15
444
100
86
90
72
445
12
57
96
86
446
33
83
66
54
447
3
63
37
17
448
4
30
36
17
449
11
58
81
78
450
43
49
98
35
451
77
39
90
22
452
32
25
36
66
453
84
69
78
80
454
45
68
66
35
455
85
11
40
67
456
9
14
17
84
457
88
37
30
19
458
95
26
28
12
459
80
18
28
70
460
70
47
19
35
461
65
0
14
43
462
38
56
19
86
463
89
11
60
78
464
31
14
0
38
465
82
55
55
66
466
69
23
67
84
467
83
70
12
32
468
62
22
29
48
469
10
70
62
2
470
93
52
47
4
471
21
97
21
100
472
53
86
1
20
473
5
70
45
99
474
15
56
50
95
475
72
33
7
65
476
42
35
90
38
477
48
20
73
13
478
23
68
100
12
479
4
69
89
6
480
42
30
10
95
481
100
66
90
23
482
71
84
2
76
483
93
86
6
73
484
9
60
75
45
485
5
33
97
31
486
36
15
35
81
487
5
82
11
76
488
57
10
80
98
489
81
8
73
36
490
44
15
55
4
491
3
86
58
52
492
10
33
46
33
493
70
58
85
5
494
65
53
44
15
495
64
85
64
9
496
35
19
99
9
497
95
31
78
27
498
47
62
31
93
499
67
3
5
20
500
32
92
28
24
501
88
25
11
9
502
20
1
37
56
503
19
81
32
13
504
83
82
57
93
505
100
18
73
64
506
3
51
86
2
507
44
4
79
46
508
70
6
23
96
509
4
91
20
77
510
52
25
73
39
511
58
27
18
72
512
55
100
80
56
513
89
40
79
77
514
31
41
94
4
515
15
6
5
44
516
26
78
37
56
517
41
34
39
6
518
44
93
70
45
519
7
33
59
5
520
45
88
41
90
521
80
87
58
62
522
26
97
4
45
523
17
24
79
10
524
70
83
22
67
525
5
17
95
4
526
62
75
81
23
527
13
60
94
86
528
55
11
18
87
529
98
47
85
63
530
22
98
18
36
531
43
41
51
19
532
6
14
11
62
533
76
13
8
54
534
51
33
95
39
535
50
54
56
71
536
94
79
36
8
537
19
92
45
16
538
34
12
37
36
539
92
18
56
5
540
35
69
53
34
541
46
3
45
89
542
38
1
73
13
543
7
96
23
92
544
38
61
40
32
545
29
73
10
96
546
55
12
0
44
547
75
90
40
27
548
23
32
87
29
549
43
8
9
20
550
41
4
42
52
551
63
81
11
92
552
57
29
95
48
553
36
65
4
52
554
15
75
48
2
555
48
80
18
80
556
29
6
30
38
557
22
46
19
52
558
60
54
46
91
559
66
40
48
96
560
43
46
11
59
561
26
71
36
98
562
71
20
13
23
563
99
69
46
18
564
93
72
75
21
565
39
15
72
36
566
59
37
62
19
567
12
74
32
52
568
83
89
77
26
569
71
27
83
69
570
81
87
20
34
571
100
34
21
20
572
78
91
76
54
573
65
24
9
6
574
12
88
17
59
575
24
18
44
12
576
30
27
43
83
577
41
30
91
37
578
60
45
97
75
579
41
5
81
44
580
53
5
64
25
581
17
22
28
27
582
3
26
84
12
583
57
25
64
23
584
44
89
50
30
585
55
66
18
21
586
16
26
60
57
587
26
64
74
8
588
43
18
91
79
589
27
37
20
17
590
19
37
70
42
591
50
81
53
62
592
39
47
72
71
593
2
93
52
90
594
8
20
79
92
595
4
2
18
54
596
76
75
68
3
597
28
97
7
25
598
62
3
57
22
599
33
97
1
90
600
91
80
1
35
601
73
47
47
21
602
3
7
65
62
603
40
96
17
27
604
50
84
42
45
605
25
47
33
41
606
81
15
34
43
607
93
53
8
14
608
86
68
97
54
609
18
92
38
12
610
7
71
11
20
611
57
99
26
42
612
55
54
19
88
613
70
24
56
99
614
91
5
10
63
615
31
25
45
36
616
48
36
44
84
617
0
70
62
81
618
16
53
27
76
619
35
79
73
16
620
5
86
86
5
621
70
55
5
56
622
60
57
38
43
623
8
41
7
33
624
96
28
9
83
625
75
37
83
38
626
54
44
55
53
627
2
42
66
59
628
51
37
87
41
629
50
48
91
78
630
78
22
51
70
631
87
69
4
77
632
68
64
92
37
633
21
87
100
44
634
79
78
88
89
635
12
73
83
60
636
35
73
2
22
637
92
37
20
6
638
15
32
99
45
639
43
57
70
31
640
86
93
53
90
641
24
93
14
80
642
28
94
62
92
643
8
70
60
100
644
70
44
61
7
645
66
24
0
32
646
79
33
7
71
647
58
23
52
8
648
20
95
43
96
649
23
98
98
32
650
78
47
65
26
651
5
26
12
96
652
57
76
80
50
653
72
94
93
70
654
11
18
55
75
655
68
64
95
29
656
96
57
62
83
657
8
25
58
69
658
26
24
61
29
659
21
44
27
69
660
71
26
40
93
661
68
51
71
50
662
81
84
75
44
663
69
3
69
91
664
55
22
55
78
665
35
25
4
92
666
22
75
30
94
667
30
10
3
8
668
86
13
54
18
669
56
87
91
59
670
92
28
82
78
671
16
31
100
54
672
41
27
49
36
673
22
12
84
6
674
83
48
34
69
675
66
33
21
51
676
48
2
27
41
677
54
59
35
43
678
84
98
94
3
679
22
34
26
75
680
44
21
84
26
681
31
42
45
44
682
16
40
47
45
683
20
62
77
81
684
38
59
68
70
685
83
17
88
84
686
79
54
19
48
687
58
65
98
55
688
48
45
93
16
689
52
51
29
82
690
98
9
68
2
691
89
55
31
63
692
74
10
78
60
693
32
71
67
55
694
32
34
58
54
695
98
44
91
21
696
93
54
87
60
697
8
85
22
78
698
10
1
55
87
699
36
9
18
53
700
98
74
2
36
701
83
62
6
55
702
27
50
71
77
703
84
33
51
61
704
33
84
50
97
705
6
74
7
94
706
47
22
1
76
707
15
34
53
88
708
87
83
83
36
709
43
62
68
42
710
25
3
54
98
711
53
59
94
26
712
28
39
32
63
713
86
27
65
72
714
51
37
3
44
715
10
88
6
6
716
56
45
59
56
717
9
63
65
97
718
92
53
91
44
719
7
87
15
76
720
80
16
99
42
721
14
79
13
33
722
88
89
7
38
723
92
87
18
87
724
1
58
52
76
725
50
42
98
49
726
6
7
74
25
727
12
50
56
5
728
88
27
51
71
729
3
46
74
15
730
3
48
91
6
731
2
26
70
27
732
54
80
1
19
733
36
99
88
65
734
85
32
84
53
735
32
7
52
86
736
60
75
95
71
737
40
56
4
11
738
38
64
37
36
739
42
85
38
44
740
69
54
21
80
741
96
0
59
44
742
76
26
4
7
743
35
99
52
98
744
99
5
25
66
745
38
30
20
74
746
56
14
65
1
747
60
62
86
7
748
96
61
90
66
749
15
10
32
80
750
70
64
0
85
751
58
45
74
97
752
100
85
74
93
753
57
2
17
49
754
12
52
7
4
755
14
86
86
64
756
5
24
59
99
757
85
2
69
1
758
78
6
96
36
759
43
78
4
76
760
68
23
87
13
761
86
44
64
4
762
75
48
67
19
763
27
64
40
78
764
64
41
45
71
765
65
76
82
87
766
93
63
48
86
767
90
68
100
21
768
16
23
92
93
769
30
95
81
58
770
74
64
14
17
771
76
30
16
99
772
3
86
97
32
773
61
67
29
47
774
55
14
77
70
775
54
11
43
23
776
66
100
16
67
777
52
75
74
18
778
5
74
2
86
779
97
84
55
76
780
7
61
69
89
781
95
37
95
76
782
30
76
21
38
783
39
83
72
37
784
47
17
26
82
785
31
87
17
73
786
91
46
87
39
787
29
65
18
40
788
24
91
48
74
789
88
17
100
69
790
7
8
98
56
791
32
72
20
12
792
43
41
1
90
793
48
1
54
14
794
0
48
56
92
795
26
35
71
28
796
10
71
84
36
797
78
16
65
91
798
70
46
39
44
799
97
15
21
1
800
98
42
91
78
801
84
12
55
3
802
28
10
63
42
803
100
28
30
42
804
75
44
2
81
805
4
84
83
22
806
79
12
42
52
807
81
97
93
38
808
69
79
11
80
809
79
97
88
61
810
4
7
91
20
811
7
55
54
31
812
77
12
92
25
813
10
68
84
10
814
34
21
39
86
815
78
59
48
33
816
62
83
6
44
817
1
69
17
29
818
98
3
73
51
819
78
68
42
96
820
56
12
28
3
821
20
21
96
7
822
13
16
7
6
823
94
1
0
61
824
51
62
91
45
825
54
97
21
1
826
41
95
90
62
827
41
28
3
12
828
90
37
71
18
829
80
12
43
33
830
78
15
85
51
831
27
51
72
61
832
1
100
44
13
833
51
89
33
5
834
19
95
12
36
835
43
80
63
53
836
77
99
3
29
837
19
74
40
24
838
23
56
32
78
839
59
12
42
20
840
3
66
7
39
841
80
76
24
60
842
40
47
60
29
843
19
91
25
22
844
54
86
22
67
845
25
36
48
39
846
69
62
14
36
847
16
29
32
77
848
97
35
68
81
849
16
26
37
64
850
49
73
98
22
851
88
10
11
19
852
96
58
39
77
853
78
96
32
30
854
26
20
56
13
855
71
57
28
45
856
89
41
5
25
857
9
10
14
22
858
70
21
40
84
859
57
13
20
77
860
54
65
12
4
861
79
30
80
28
862
48
61
2
87
863
22
76
20
78
864
66
8
47
46
865
52
2
91
18
866
8
64
80
66
867
93
42
54
79
868
63
62
82
78
869
81
30
62
68
870
48
33
63
71
871
73
60
90
17
872
66
18
54
45
873
6
90
2
70
874
18
41
82
36
875
76
33
96
27
876
37
4
100
27
877
92
23
52
20
878
38
17
90
27
879
71
97
20
57
880
92
1
4
50
881
41
84
84
45
882
65
100
32
18
883
46
35
10
91
884
39
51
43
96
885
36
75
59
94
886
7
54
60
43
887
91
95
33
10
888
40
47
98
76
889
23
78
51
47
890
50
18
24
93
891
90
79
7
1
892
43
9
49
54
893
39
49
48
30
894
84
30
80
62
895
54
3
65
43
896
89
35
51
22
897
37
90
76
12
898
26
50
51
68
899
75
73
90
40
900
16
44
1
16
901
85
17
12
64
902
73
48
76
99
903
38
98
61
7
904
96
59
61
1
905
22
62
85
18
906
11
34
30
66
907
47
42
62
37
908
20
23
75
82
909
15
50
70
66
910
18
91
25
70
911
83
60
96
97
912
98
49
67
85
913
24
76
17
86
914
61
61
52
7
915
24
58
23
45
916
25
49
80
5
917
33
68
95
10
918
32
64
5
75
919
40
28
68
81
920
69
48
75
99
921
1
65
52
30
922
11
33
85
1
923
37
95
60
64
924
97
96
44
100
925
53
4
99
97
926
73
11
88
56
927
6
35
46
91
928
65
5
65
99
929
13
16
66
89
930
91
0
87
53
931
76
16
9
87
932
46
28
14
48
933
36
72
52
14
934
83
79
33
41
935
53
24
54
25
936
88
1
65
53
937
79
29
78
48
938
95
62
35
84
939
64
73
65
31
940
89
12
100
47
941
3
53
51
89
942
26
71
7
45
943
37
35
0
88
944
99
90
65
87
945
31
24
15
42
946
12
60
85
27
947
64
22
35
72
948
96
19
58
8
949
45
25
58
94
950
60
40
9
78
951
2
45
16
2
952
2
12
76
39
953
51
64
21
29
954
71
10
81
46
955
28
48
64
11
956
67
80
35
56
957
41
75
6
97
958
21
39
45
95
959
67
72
92
57
960
90
75
25
21
961
88
75
22
58
962
62
6
29
45
963
25
87
53
39
964
80
11
58
73
965
0
73
1
30
966
28
26
64
66
967
90
42
98
5
968
84
12
75
44
969
37
69
55
84
970
86
13
71
14
971
66
71
32
99
972
93
38
82
11
973
19
12
70
44
974
36
6
53
75
975
64
8
17
63
976
91
91
36
57
977
10
67
25
27
978
95
87
49
43
979
94
28
98
51
980
58
87
27
50
981
9
12
55
56
982
22
28
1
30
983
51
17
63
9
984
95
8
8
43
985
78
97
23
57
986
92
28
0
36
987
92
11
58
21
988
50
41
76
57
989
55
85
22
31
990
58
16
93
44
991
63
71
55
76
992
61
12
98
81
993
67
88
95
92
994
73
12
96
24
995
6
28
63
45
996
24
19
99
82
997
27
43
65
83
998
95
26
97
97
999
33
8
43
39
1000
92
18
100
79
1001
49
48
67
71
1002
46
34
65
38
1003
84
51
61
18
1004
86
71
16
77
1005
57
93
78
91
1006
8
74
48
27
1007
90
51
45
58
1008
26
22
45
43
1009
27
81
23
41
1010
10
74
30
24
1011
98
48
83
28
1012
51
63
40
76
1013
2
64
48
98
1014
81
20
56
45
1015
72
32
47
25
1016
83
92
24
69
1017
47
44
76
26
1018
3
90
60
54
1019
12
72
27
30
1020
29
36
72
59
1021
100
12
19
68
1022
45
77
92
28
1023
79
77
64
38
1024
60
85
77
77
1025
57
78
14
88
1026
84
97
59
1
1027
49
56
66
83
1028
20
21
30
75
1029
79
18
6
70
1030
89
23
6
0
1031
69
24
19
4
1032
95
16
19
0
1033
78
15
32
33
1034
6
73
92
66
1035
0
12
35
38
1036
96
21
56
88
1037
36
88
49
97
1038
76
75
9
26
1039
0
52
9
65
1040
45
96
29
90
1041
87
91
60
53
1042
93
26
0
49
1043
6
68
44
27
1044
60
60
36
88
1045
62
61
56
31
1046
53
49
0
57
1047
4
2
11
52
1048
20
87
75
50
1049
52
85
40
37
1050
67
85
45
66
1051
63
87
70
72
1052
57
33
77
52
1053
39
94
4
64
1054
0
68
73
70
1055
45
3
59
66
1056
98
17
15
56
1057
67
37
31
60
1058
69
18
5
13
1059
38
12
15
87
1060
64
84
4
100
1061
7
79
100
6
1062
83
9
22
14
1063
25
4
11
93
1064
89
90
57
57
1065
31
38
70
73
1066
28
4
24
78
1067
91
0
96
80
1068
29
57
94
92
1069
64
75
46
62
1070
99
45
22
97
1071
82
80
53
3
1072
43
79
55
42
1073
41
74
8
75
1074
57
77
92
29
1075
48
47
9
37
1076
93
46
34
75
1077
65
25
41
26
1078
70
61
9
79
1079
67
31
39
57
1080
92
63
55
87
1081
56
41
24
15
1082
1
47
73
95
1083
41
70
11
36
1084
28
0
85
38
1085
25
51
97
32
1086
56
78
64
95
1087
46
52
24
5
1088
55
9
6
21
1089
2
32
64
66
1090
90
56
52
71
1091
60
56
82
48
1092
95
20
16
56
1093
75
45
96
3
1094
9
73
60
49
1095
88
35
71
38
1096
70
92
49
93
1097
58
94
86
45
1098
87
34
94
98
1099
95
87
26
34
1100
72
48
95
90
1101
33
78
74
55
1102
95
87
5
3
1103
62
24
71
79
1104
60
39
60
59
1105
96
68
32
65
1106
22
15
18
2
1107
64
99
19
94
1108
88
90
18
96
1109
47
92
66
83
1110
36
46
12
32
1111
55
75
14
42
1112
3
30
73
38
1113
21
49
2
61
1114
36
23
72
22
1115
19
66
95
3
1116
85
6
46
19
1117
63
20
59
30
1118
71
41
97
25
1119
9
23
57
94
1120
30
43
59
73
1121
71
55
75
73
1122
77
10
28
97
1123
85
44
20
45
1124
9
41
74
35
1125
33
54
11
19
1126
16
5
51
85
1127
28
88
70
20
1128
77
49
49
65
1129
66
62
99
75
1130
41
50
71
94
1131
40
57
24
37
1132
30
5
98
26
1133
66
77
53
78
1134
94
76
31
28
1135
70
98
93
56
1136
48
47
95
73
1137
15
94
38
79
1138
7
89
56
34
1139
26
9
15
76
1140
87
58
95
39
1141
86
85
93
13
1142
83
51
26
100
1143
43
34
91
31
1144
40
58
67
37
1145
44
43
80
31
1146
78
60
74
59
1147
26
32
58
64
1148
78
63
14
86
1149
17
68
52
12
1150
64
61
29
29
1151
22
75
41
7
1152
75
72
24
44
1153
35
72
82
82
1154
92
16
7
73
1155
55
78
58
69
1156
59
72
27
94
1157
45
28
11
21
1158
90
52
24
89
1159
45
50
63
28
1160
64
28
6
8
1161
75
80
71
7
1162
80
88
87
88
1163
14
26
17
21
1164
90
53
54
49
1165
11
49
1
55
1166
2
17
86
96
1167
92
59
58
84
1168
47
13
69
99
1169
5
32
43
29
1170
85
86
45
94
1171
19
96
80
29
1172
41
65
72
64
1173
75
39
40
31
1174
27
9
37
90
1175
14
9
39
13
1176
55
14
1
42
1177
43
92
20
50
1178
56
91
95
84
1179
3
69
44
95
1180
91
38
39
94
1181
81
86
83
49
1182
9
71
5
30
1183
12
64
17
82
1184
27
21
98
51
1185
90
19
36
63
1186
8
65
63
66
1187
44
58
34
54
1188
27
25
74
79
1189
60
3
12
55
1190
49
48
52
28
1191
54
94
19
41
1192
26
87
75
80
1193
79
68
9
68
1194
51
49
15
61
1195
88
53
2
79
1196
44
48
72
59
1197
33
76
69
30
1198
51
0
86
71
1199
10
51
63
95
1200
53
50
77
68
1201
75
17
11
29
1202
74
42
48
59
1203
30
12
54
91
1204
91
34
90
2
1205
21
77
58
93
1206
88
68
63
41
1207
99
60
12
25
1208
29
11
72
99
1209
68
73
41
62
1210
31
62
20
66
1211
80
35
35
89
1212
76
45
74
77
1213
30
97
26
97
1214
26
62
43
7
1215
64
35
70
7
1216
86
60
31
24
1217
54
18
69
71
1218
45
0
81
43
1219
48
42
48
79
1220
67
68
64
78
1221
43
2
22
44
1222
98
95
9
40
1223
96
4
50
6
1224
47
47
60
26
1225
86
6
88
99
1226
42
10
28
24
1227
3
23
64
31
1228
92
14
46
1
1229
25
91
73
72
1230
57
58
61
79
1231
100
77
37
24
1232
62
81
26
85
1233
72
74
3
35
1234
34
16
93
55
1235
87
6
79
80
1236
30
21
54
13
1237
89
79
78
10
1238
25
16
88
19
1239
82
42
40
0
1240
73
61
29
96
1241
27
22
50
36
1242
36
7
67
85
1243
84
31
74
80
1244
73
63
69
50
1245
4
80
90
12
1246
87
35
13
30
1247
7
2
83
18
1248
44
44
75
23
1249
79
5
29
64
1250
18
58
78
41
1251
84
31
70
34
1252
75
12
5
51
1253
0
5
58
47
1254
24
70
25
92
1255
57
98
70
2
1256
79
80
2
92
1257
13
76
56
27
1258
58
33
100
58
1259
89
8
86
26
1260
26
63
85
21
1261
64
61
34
95
1262
81
38
41
43
1263
57
4
19
52
1264
14
76
11
50
1265
62
22
83
3
1266
54
29
10
94
1267
74
34
95
46
1268
58
95
17
42
1269
84
80
93
41
1270
27
45
29
94
1271
47
0
62
73
1272
70
44
25
92
1273
27
19
65
29
1274
31
30
66
6
1275
44
14
42
1
1276
78
92
18
47
1277
21
14
90
64
1278
53
69
4
65
1279
27
10
9
51
1280
88
97
37
95
1281
71
60
80
9
1282
4
41
84
71
1283
37
39
52
55
1284
32
85
94
86
1285
82
90
27
62
1286
89
78
72
94
1287
9
74
90
7
1288
17
38
65
80
1289
57
53
90
52
1290
29
36
15
86
1291
30
54
65
100
1292
90
20
26
22
1293
87
23
58
98
1294
55
30
43
32
1295
99
24
52
67
1296
4
90
29
9
1297
94
57
12
59
1298
83
40
16
9
1299
20
52
30
66
1300
12
79
32
34
1301
13
1
34
98
1302
99
0
61
42
1303
25
92
18
79
1304
14
16
11
32
1305
31
42
47
98
1306
33
64
90
0
1307
3
86
38
91
1308
87
56
32
24
1309
32
79
33
52
1310
44
66
75
92
1311
7
16
22
83
1312
24
30
57
25
1313
94
4
96
8
1314
20
82
72
12
1315
48
54
81
76
1316
93
95
23
85
1317
52
92
3
16
1318
10
50
81
39
1319
38
92
79
69
1320
1
49
31
35
1321
23
75
51
88
1322
75
81
94
76
1323
55
15
86
27
1324
32
40
35
49
1325
12
11
63
50
1326
40
24
97
24
1327
66
92
17
4
1328
86
3
43
8
1329
89
100
9
47
1330
5
26
55
15
1331
10
6
81
31
1332
45
29
92
92
1333
28
25
8
93
1334
13
16
69
78
1335
43
31
94
51
1336
60
46
83
6
1337
89
15
4
67
1338
18
99
68
1
1339
89
2
91
81
1340
52
24
60
72
1341
1
54
39
90
1342
89
60
69
33
1343
22
78
16
61
1344
93
13
43
75
1345
41
75
26
75
1346
27
27
16
33
1347
90
91
39
31
1348
52
12
58
95
1349
16
34
38
8
1350
62
35
68
84
1351
28
94
35
65
1352
73
79
20
2
1353
33
7
46
46
1354
54
99
18
6
1355
50
96
31
45
1356
95
93
50
46
1357
50
94
10
7
1358
10
66
31
44
1359
89
66
14
0
1360
41
16
92
93
1361
39
28
37
80
1362
85
33
28
90
1363
75
9
88
78
1364
41
71
48
60
1365
36
29
21
39
1366
90
39
26
35
1367
87
6
27
83
1368
47
1
91
73
1369
52
17
11
81
1370
3
82
74
22
1371
86
66
95
5
1372
0
8
42
92
1373
78
62
14
91
1374
49
98
1
59
1375
12
96
33
64
1376
34
15
45
90
1377
33
94
47
19
1378
56
12
45
57
1379
47
48
23
55
1380
6
48
38
15
1381
27
97
4
53
1382
63
65
18
62
1383
65
95
0
87
1384
39
41
73
29
1385
79
88
37
83
1386
99
82
51
90
1387
87
50
0
44
1388
74
45
80
61
1389
49
3
65
28
1390
84
91
20
59
1391
50
2
70
44
1392
67
8
82
63
1393
10
68
2
26
1394
96
9
81
58
1395
98
64
79
82
1396
8
72
54
27
1397
55
48
48
81
1398
1
59
51
84
1399
86
30
62
50
1400
13
51
100
77
1401
97
84
29
52
1402
5
45
36
42
1403
67
76
36
1
1404
41
20
42
29
1405
25
95
32
66
1406
100
13
3
92
1407
49
71
57
69
1408
100
2
15
57
1409
20
40
63
56
1410
24
38
89
51
1411
50
85
63
84
1412
40
71
27
38
1413
47
58
54
4
1414
29
44
51
86
1415
20
96
0
12
1416
40
2
38
15
1417
24
93
100
12
1418
70
19
79
5
1419
5
81
20
59
1420
7
21
74
51
1421
16
79
31
24
1422
77
0
36
37
1423
80
48
80
58
1424
15
37
67
23
1425
51
8
22
87
1426
98
88
84
86
1427
7
70
51
80
1428
30
87
15
10
1429
80
50
95
100
1430
67
22
27
45
1431
80
5
81
90
1432
12
6
92
65
1433
60
36
9
51
1434
0
93
74
27
1435
74
92
54
2
1436
57
42
54
88
1437
96
18
100
16
1438
59
8
93
55
1439
76
61
72
25
1440
30
88
49
37
1441
9
50
95
86
1442
94
83
64
51
1443
38
1
98
7
1444
60
50
7
19
1445
82
99
60
78
1446
81
61
51
35
1447
80
98
33
77
1448
59
77
26
8
1449
77
2
40
91
1450
86
57
73
78
1451
94
46
88
24
1452
50
22
85
5
1453
15
27
85
65
1454
66
72
10
13
1455
63
14
30
91
1456
26
83
41
62
1457
26
18
17
30
1458
67
14
56
98
1459
90
84
90
17
1460
1
42
72
41
1461
74
70
80
39
1462
3
6
29
89
1463
43
89
24
91
1464
85
80
31
81
1465
61
56
83
76
1466
49
58
72
3
1467
79
13
34
99
1468
57
27
31
10
1469
94
25
79
11
1470
43
61
53
73
1471
20
23
75
67
1472
20
84
54
74
1473
64
46
47
76
1474
38
50
57
70
1475
85
100
24
4
1476
50
96
43
6
1477
84
52
87
40
1478
90
95
34
78
1479
28
59
40
71
1480
4
88
74
9
1481
88
98
63
29
1482
77
87
64
30
1483
21
45
43
19
1484
39
28
51
69
1485
97
99
87
93
1486
11
9
59
100
1487
72
48
3
62
1488
96
44
11
24
1489
41
88
35
13
1490
19
80
83
18
1491
72
8
33
18
1492
20
49
89
21
1493
88
42
9
12
1494
29
71
74
94
1495
15
24
33
33
1496
24
52
57
71
1497
52
78
98
97
1498
81
88
47
94
1499
23
99
59
70
1500
24
45
23
44
1501
85
25
33
8
1502
71
30
3
11
1503
10
59
50
15
1504
11
13
70
57
1505
34
64
39
41
1506
32
72
85
87
1507
76
93
70
9
1508
6
34
86
87
1509
14
86
95
37
1510
76
2
32
94
1511
51
79
47
29
1512
15
46
46
63
1513
18
99
0
43
1514
48
97
25
74
1515
76
80
14
90
1516
73
50
94
45
1517
23
60
89
35
1518
88
2
24
77
1519
5
4
99
77
1520
63
45
18
69
1521
4
85
52
93
1522
30
74
80
70
1523
41
0
67
28
1524
82
32
2
53
1525
85
35
59
89
1526
18
93
3
26
1527
14
25
91
64
1528
28
79
33
94
1529
39
24
75
13
1530
59
15
28
20
1531
36
4
84
50
1532
55
7
84
91
1533
74
67
36
18
1534
16
37
28
53
1535
90
12
82
18
1536
55
46
59
46
1537
27
70
33
23
1538
94
96
77
69
1539
95
69
77
13
1540
82
19
30
64
1541
83
35
92
36
1542
11
63
17
50
1543
20
59
52
30
1544
33
66
83
60
1545
77
42
46
30
1546
88
79
75
46
1547
40
65
42
58
1548
89
1
95
35
1549
45
45
21
92
1550
68
84
67
67
1551
78
87
98
57
1552
81
56
25
41
1553
21
87
75
80
1554
18
86
35
21
1555
25
60
88
70
1556
81
47
22
82
1557
72
84
78
68
1558
89
18
79
12
1559
36
95
39
47
1560
37
72
99
38
1561
86
75
18
96
1562
100
88
47
9
1563
2
76
34
29
1564
1
39
5
96
1565
12
16
82
99
1566
99
42
45
64
1567
73
54
67
9
1568
46
37
74
85
1569
50
56
92
5
1570
83
12
6
40
1571
14
99
41
95
1572
16
77
27
38
1573
95
80
95
52
1574
60
80
18
71
1575
78
13
40
65
1576
9
70
46
13
1577
70
7
75
18
1578
42
78
53
69
1579
45
43
23
72
1580
41
6
62
27
1581
27
79
34
75
1582
15
1
16
82
1583
88
6
43
38
1584
32
88
27
29
1585
0
31
20
33
1586
43
64
64
51
1587
9
46
23
92
1588
59
18
0
53
1589
56
66
85
19
1590
58
37
86
17
1591
10
32
18
89
1592
1
12
17
6
1593
41
64
62
43
1594
35
95
76
71
1595
95
26
52
44
1596
47
8
99
5
1597
8
9
1
62
1598
33
77
41
68
1599
57
28
90
69
1600
70
12
53
63
1601
66
45
77
32
1602
32
54
3
68
1603
34
26
90
44
1604
4
76
30
57
1605
56
42
24
39
1606
37
85
54
80
1607
96
88
50
68
1608
84
72
77
58
1609
5
75
49
50
1610
100
29
21
98
1611
74
73
86
53
1612
68
76
3
25
1613
19
95
45
97
1614
3
45
2
1
1615
7
10
62
9
1616
26
8
75
37
1617
91
96
53
21
1618
37
41
98
27
1619
79
1
15
70
1620
68
1
30
12
1621
44
63
42
43
1622
44
98
42
80
1623
67
96
56
65
1624
62
56
28
88
1625
14
60
98
82
1626
70
26
31
97
1627
54
100
22
28
1628
44
71
57
20
1629
23
69
2
22
1630
39
76
75
88
1631
16
36
34
87
1632
77
38
5
40
1633
25
16
7
14
1634
2
81
41
89
1635
68
10
65
97
1636
87
26
33
64
1637
19
15
85
56
1638
76
70
66
44
1639
14
94
23
74
1640
52
38
81
95
1641
89
65
31
50
1642
78
79
67
25
1643
13
56
26
50
1644
23
23
58
30
1645
85
73
18
15
1646
6
61
99
7
1647
66
54
6
6
1648
46
86
21
66
1649
57
61
77
44
1650
16
64
7
31
1651
4
99
59
41
1652
90
78
64
62
1653
88
53
69
8
1654
21
89
76
8
1655
32
85
5
56
1656
59
71
82
40
1657
68
98
100
55
1658
33
29
56
43
1659
9
55
40
60
1660
32
96
88
30
1661
65
30
45
78
1662
91
99
91
49
1663
92
35
98
41
1664
8
27
24
3
1665
92
49
89
22
1666
11
71
93
13
1667
14
50
6
87
1668
15
41
0
6
1669
46
64
40
13
1670
35
80
13
44
1671
65
20
89
61
1672
10
83
55
24
1673
71
58
27
20
1674
82
15
61
63
1675
34
48
29
96
1676
89
72
33
31
1677
74
37
72
43
1678
28
82
34
8
1679
4
40
6
8
1680
45
90
61
61
1681
61
49
68
71
1682
43
79
25
72
1683
30
24
83
95
1684
79
59
10
3
1685
4
58
71
15
1686
7
44
17
29
1687
94
59
95
7
1688
43
25
88
9
1689
51
12
76
33
1690
89
94
9
90
1691
90
49
35
29
1692
7
5
31
94
1693
85
15
93
99
1694
63
22
47
75
1695
98
83
7
80
1696
15
92
75
12
1697
15
22
85
57
1698
90
12
88
66
1699
90
47
54
49
1700
74
46
71
85
1701
45
68
7
26
1702
35
6
28
47
1703
75
38
98
78
1704
98
28
49
38
1705
72
91
13
72
1706
99
88
21
91
1707
23
7
79
69
1708
61
35
82
73
1709
50
65
11
36
1710
58
56
26
29
1711
97
24
0
61
1712
61
75
0
68
1713
99
38
33
58
1714
49
18
66
31
1715
84
35
84
10
1716
74
100
6
70
1717
90
15
67
33
1718
20
67
40
20
1719
34
18
63
100
1720
11
88
40
85
1721
29
71
44
27
1722
66
53
80
59
1723
36
83
2
73
1724
22
13
50
0
1725
44
5
7
41
1726
59
95
31
32
1727
34
36
61
23
1728
39
57
96
57
1729
3
15
70
29
1730
99
53
56
26
1731
36
15
37
62
1732
72
51
52
45
1733
22
19
95
5
1734
4
38
39
77
1735
29
93
22
57
1736
11
32
73
93
1737
86
40
94
63
1738
33
27
91
19
1739
65
80
72
4
1740
94
81
97
15
1741
20
94
99
6
1742
100
16
4
50
1743
82
8
88
87
1744
34
22
37
32
1745
31
66
33
62
1746
94
75
74
31
1747
94
91
46
21
1748
27
83
17
76
1749
6
46
63
75
1750
78
34
17
51
1751
41
20
97
66
1752
48
70
91
24
1753
96
7
66
38
1754
25
10
39
20
1755
21
57
28
81
1756
60
88
41
51
1757
95
35
9
19
1758
10
47
17
45
1759
73
84
42
21
1760
18
33
38
81
1761
19
7
94
53
1762
12
40
14
61
1763
81
100
8
73
1764
91
70
95
91
1765
27
85
18
53
1766
50
23
18
57
1767
13
39
16
21
1768
47
17
19
79
1769
77
74
31
62
1770
17
83
30
87
1771
87
20
36
94
1772
68
19
87
3
1773
34
88
54
69
1774
27
65
98
39
1775
33
51
37
78
1776
74
87
78
55
1777
68
53
31
96
1778
97
94
7
40
1779
45
46
54
19
1780
78
63
39
10
1781
5
88
34
40
1782
54
49
79
87
1783
85
65
92
40
1784
60
40
47
18
1785
26
3
5
35
1786
87
43
4
53
1787
30
86
51
74
1788
15
40
55
48
1789
0
27
59
44
1790
36
84
77
36
1791
54
39
92
95
1792
61
90
11
87
1793
70
78
75
42
1794
93
5
93
39
1795
9
13
95
60
1796
27
82
96
65
1797
82
43
43
36
1798
0
94
41
11
1799
56
80
65
18
1800
0
54
42
97
1801
6
84
1
68
1802
67
86
24
1
1803
32
88
25
14
1804
95
78
47
82
1805
57
98
83
22
1806
15
94
81
18
1807
93
51
4
23
1808
63
38
17
84
1809
57
81
47
71
1810
87
65
99
39
1811
22
4
49
40
1812
67
65
21
19
1813
6
62
30
42
1814
23
1
99
66
1815
51
55
32
15
1816
31
10
48
23
1817
14
37
23
18
1818
23
11
18
23
1819
48
57
56
45
1820
87
39
42
81
1821
67
61
63
16
1822
52
95
85
31
1823
52
60
95
91
1824
96
95
8
78
1825
49
49
76
95
1826
13
40
20
97
1827
52
1
38
58
1828
34
87
5
15
1829
79
31
86
12
1830
76
97
36
64
1831
86
72
50
26
1832
68
96
91
37
1833
70
50
98
52
1834
44
41
91
45
1835
15
84
10
15
1836
55
10
86
41
1837
38
31
60
93
1838
24
35
83
56
1839
89
68
15
46
1840
98
44
6
19
1841
20
83
41
46
1842
26
79
75
94
1843
56
9
26
60
1844
46
0
60
4
1845
60
3
26
94
1846
91
82
4
41
1847
26
47
59
68
1848
15
5
58
73
1849
69
88
84
13
1850
96
91
40
57
1851
47
40
85
85
1852
25
53
100
95
1853
45
72
97
49
1854
33
13
25
53
1855
51
47
46
31
1856
29
4
82
41
1857
77
57
15
82
1858
48
48
14
88
1859
92
65
22
0
1860
95
67
76
86
1861
81
70
98
96
1862
35
23
76
25
1863
88
16
57
80
1864
89
69
18
14
1865
30
37
51
70
1866
23
82
16
41
1867
36
64
45
16
1868
3
41
41
39
1869
41
82
34
79
1870
87
79
20
90
1871
50
0
69
94
1872
74
73
99
51
1873
6
84
78
77
1874
34
82
11
73
1875
74
74
14
28
1876
54
38
64
11
1877
16
94
28
51
1878
87
23
14
7
1879
37
98
55
91
1880
94
37
15
25
1881
52
78
4
64
1882
93
28
58
77
1883
25
82
76
70
1884
14
94
33
49
1885
56
83
67
12
1886
85
88
16
69
1887
35
1
75
64
1888
47
99
83
80
1889
60
81
100
58
1890
60
4
4
49
1891
14
74
43
24
1892
62
76
58
80
1893
53
96
52
84
1894
11
62
92
89
1895
91
72
40
26
1896
58
40
18
60
1897
96
38
11
77
1898
79
97
16
0
1899
8
31
100
9
1900
21
40
78
78
1901
73
16
83
39
1902
6
29
23
28
1903
63
52
48
45
1904
88
35
0
81
1905
23
61
17
89
1906
26
6
80
55
1907
61
57
54
65
1908
89
90
26
42
1909
96
98
55
84
1910
29
29
58
17
1911
71
53
63
60
1912
76
74
28
26
1913
14
42
91
39
1914
62
58
88
5
1915
99
82
15
94
1916
6
87
40
88
1917
35
16
34
61
1918
95
5
45
58
1919
35
23
21
22
1920
57
90
64
40
1921
49
100
46
81
1922
22
57
77
4
1923
36
16
87
76
1924
30
40
3
41
1925
88
31
13
4
1926
64
4
100
8
1927
36
37
69
88
1928
74
23
0
78
1929
71
77
54
88
1930
28
91
21
60
1931
32
85
29
29
1932
19
62
34
89
1933
40
25
10
42
1934
71
63
21
97
1935
10
78
93
90
1936
79
1
51
10
1937
79
96
23
25
1938
35
1
11
65
1939
2
1
29
63
1940
45
23
57
86
1941
93
6
12
92
1942
36
33
65
53
1943
54
26
22
69
1944
1
27
92
78
1945
18
5
63
52
1946
90
39
59
12
1947
66
54
42
33
1948
41
86
27
0
1949
61
65
62
96
1950
22
14
70
90
1951
79
28
26
87
1952
85
90
18
22
1953
7
37
63
20
1954
53
53
92
65
1955
12
51
93
20
1956
40
13
64
17
1957
50
12
86
56
1958
12
96
85
65
1959
97
14
98
99
1960
31
28
14
68
1961
20
30
86
57
1962
33
39
61
88
1963
78
83
17
10
1964
79
87
18
32
1965
94
33
36
44
1966
27
39
31
18
1967
66
37
32
6
1968
100
39
0
85
1969
78
21
59
100
1970
20
100
79
27
1971
70
67
95
11
1972
19
6
49
0
1973
25
45
19
88
1974
25
82
65
36
1975
74
18
61
50
1976
11
22
13
69
1977
16
59
26
3
1978
83
93
0
76
1979
41
43
99
79
1980
14
16
89
46
1981
25
51
69
86
1982
87
48
79
87
1983
6
16
30
91
1984
41
68
55
73
1985
86
27
68
75
1986
70
24
79
10
1987
57
33
45
5
1988
31
78
90
65
1989
46
5
90
97
1990
86
27
22
82
1991
57
17
55
6
1992
13
82
57
21
1993
38
79
67
56
1994
25
91
53
5
1995
32
27
48
89
1996
98
15
82
97
1997
96
17
65
57
1998
65
78
39
18
1999
71
73
18
88
2000
90
16
15
51
2001
73
6
85
81
2002
57
3
10
51
2003
6
53
19
34
2004
50
9
55
76
2005
89
48
82
85
2006
71
65
19
93
2007
13
73
32
84
2008
100
14
89
1
2009
71
12
55
61
2010
70
78
88
65
2011
67
63
67
10
2012
66
91
78
13
2013
93
98
62
44
2014
62
97
43
73
2015
49
32
74
25
2016
64
91
25
38
2017
47
94
23
14
2018
47
18
68
65
2019
56
65
27
66
2020
12
90
78
18
2021
82
3
86
50
2022
47
31
84
83
2023
2
35
80
33
2024
29
50
78
96
2025
89
2
17
40
2026
64
90
25
82
2027
80
30
18
97
2028
26
27
76
39
2029
55
1
17
39
2030
0
40
18
18
2031
54
0
37
9
2032
45
44
33
54
2033
82
85
77
68
2034
7
3
82
75
2035
97
73
1
77
2036
35
100
27
57
2037
46
81
75
39
2038
91
73
69
88
2039
46
62
64
16
2040
63
28
69
21
2041
32
58
57
82
2042
14
72
93
2
2043
28
0
90
18
2044
4
33
44
5
2045
14
97
14
28
2046
67
64
38
14
2047
78
90
85
25
2048
95
27
81
18
2049
42
15
48
97
2050
2
25
32
96
2051
96
3
95
36
2052
68
15
35
34
2053
66
27
95
62
2054
13
12
44
35
2055
4
36
13
70
2056
18
91
29
79
2057
77
79
100
65
2058
68
72
8
97
2059
92
81
56
26
2060
5
36
97
7
2061
21
79
55
46
2062
39
2
42
43
2063
44
63
14
64
2064
6
36
4
39
2065
57
37
86
32
2066
44
77
64
7
2067
12
73
82
18
2068
70
32
15
2
2069
61
37
4
64
2070
2
52
75
3
2071
14
29
96
69
2072
99
32
62
30
2073
63
74
93
79
2074
90
78
45
11
2075
98
28
49
36
2076
57
100
41
66
2077
8
70
77
93
2078
17
25
92
94
2079
90
90
3
68
2080
84
90
61
3
2081
34
85
48
32
2082
54
36
1
25
2083
59
50
17
51
2084
92
24
57
3
2085
60
57
65
100
2086
58
2
32
63
2087
63
66
98
51
2088
76
26
20
18
2089
67
88
19
45
2090
68
26
20
17
2091
11
94
1
56
2092
76
53
94
90
2093
14
13
40
46
2094
67
67
84
61
2095
27
76
5
87
2096
68
16
83
65
2097
60
99
72
73
2098
43
82
32
87
2099
39
52
88
95
2100
49
32
72
1
2101
27
39
90
15
2102
24
80
23
49
2103
89
76
70
91
2104
0
82
6
17
2105
72
85
83
8
2106
69
29
18
61
2107
60
46
43
0
2108
32
58
19
98
2109
70
42
68
51
2110
89
85
34
33
2111
2
90
27
2
2112
73
91
28
53
2113
30
11
86
23
2114
76
39
49
36
2115
19
62
48
89
2116
81
29
51
83
2117
60
72
71
78
2118
0
49
77
90
2119
93
82
14
68
2120
43
71
88
71
2121
53
8
52
36
2122
25
55
45
68
2123
66
24
96
20
2124
88
1
19
88
2125
28
43
34
98
2126
47
69
72
94
2127
87
82
81
10
2128
83
53
75
77
2129
87
34
12
59
2130
64
54
71
68
2131
4
26
17
95
2132
14
68
49
56
2133
8
65
80
63
2134
30
15
88
63
2135
12
58
26
1
2136
9
1
10
42
2137
8
69
32
84
2138
59
16
85
30
2139
0
99
0
45
2140
13
34
29
90
2141
63
48
7
16
2142
42
76
27
44
2143
13
34
40
50
2144
57
9
79
10
2145
81
88
23
37
2146
28
82
48
95
2147
19
40
60
97
2148
31
53
56
62
2149
28
51
20
95
2150
13
43
97
39
2151
35
85
49
42
2152
15
47
98
27
2153
56
65
47
6
2154
14
94
57
72
2155
42
18
79
10
2156
83
39
82
2
2157
26
45
1
56
2158
97
98
38
66
2159
96
97
49
71
2160
91
0
76
63
2161
99
25
11
47
2162
82
26
99
42
2163
52
96
9
99
2164
61
95
40
11
2165
68
39
6
6
2166
38
36
98
11
2167
56
35
93
51
2168
22
60
25
92
2169
36
62
2
61
2170
46
86
32
86
2171
48
100
16
47
2172
9
82
68
0
2173
36
67
100
2
2174
53
45
11
63
2175
37
37
26
1
2176
31
46
64
66
2177
49
36
35
88
2178
88
55
28
68
2179
86
86
5
97
2180
39
9
35
44
2181
71
74
30
65
2182
60
16
20
35
2183
76
33
100
21
2184
89
12
30
89
2185
24
47
80
58
2186
97
30
73
54
2187
10
34
35
62
2188
55
90
76
82
2189
59
0
60
34
2190
90
55
99
1
2191
52
63
27
3
2192
31
86
80
27
2193
61
62
32
94
2194
15
58
100
66
2195
53
60
93
96
2196
84
94
54
70
2197
56
53
19
15
2198
66
88
70
61
2199
62
51
22
72
2200
77
12
2
25
2201
61
86
71
53
2202
34
27
20
9
2203
88
94
77
56
2204
47
26
85
20
2205
10
21
7
7
2206
94
84
62
100
2207
74
100
26
48
2208
94
83
36
22
2209
86
36
73
76
2210
27
47
63
36
2211
48
56
68
36
2212
45
65
86
73
2213
53
20
65
56
2214
12
74
77
45
2215
87
26
48
84
2216
59
90
8
43
2217
66
22
57
58
2218
47
13
80
80
2219
14
27
62
51
2220
46
20
97
70
2221
46
30
15
44
2222
88
20
83
25
2223
72
40
23
41
2224
57
76
53
14
2225
66
12
95
68
2226
81
70
36
17
2227
49
79
64
22
2228
81
20
87
20
2229
24
28
37
90
2230
31
18
92
37
2231
60
18
86
88
2232
83
40
94
76
2233
35
21
86
17
2234
100
31
35
11
2235
4
95
20
5
2236
35
80
90
49
2237
37
47
6
45
2238
26
80
94
36
2239
38
22
81
10
2240
82
29
45
80
2241
54
67
54
69
2242
8
49
25
23
2243
92
52
33
94
2244
43
76
1
96
2245
67
68
28
70
2246
34
47
85
49
2247
53
22
80
21
2248
22
93
69
7
2249
88
71
39
8
2250
38
75
49
30
2251
81
100
30
70
2252
63
89
8
11
2253
81
71
86
44
2254
20
39
20
59
2255
98
84
10
19
2256
51
26
33
26
2257
35
10
2
70
2258
53
20
49
78
2259
12
95
7
55
2260
91
42
88
64
2261
91
90
22
42
2262
8
61
78
18
2263
33
40
38
44
2264
24
99
37
1
2265
65
47
21
21
2266
15
45
49
71
2267
71
2
33
16
2268
57
10
77
33
2269
65
23
47
85
2270
70
24
37
96
2271
27
6
30
38
2272
37
42
87
85
2273
61
64
98
24
2274
49
52
45
40
2275
46
89
41
3
2276
74
24
91
12
2277
34
40
98
17
2278
10
85
29
14
2279
60
22
93
10
2280
61
31
21
56
2281
97
83
2
78
2282
32
63
55
73
2283
97
53
94
97
2284
34
75
50
10
2285
28
46
35
46
2286
51
57
28
71
2287
56
97
84
73
2288
22
18
27
8
2289
17
81
76
68
2290
51
89
0
59
2291
84
23
64
86
2292
66
29
66
48
2293
6
72
37
42
2294
15
62
2
74
2295
56
16
6
78
2296
39
56
54
48
2297
69
42
86
66
2298
99
0
94
13
2299
72
64
54
38
2300
21
87
53
18
2301
59
73
46
27
2302
53
64
67
45
2303
15
66
3
8
2304
67
59
69
84
2305
57
50
53
100
2306
80
0
52
23
2307
95
52
31
100
2308
46
20
4
71
2309
48
73
77
13
2310
48
75
83
65
2311
36
28
12
43
2312
86
89
2
5
2313
0
25
97
21
2314
3
23
28
31
2315
89
43
36
79
2316
67
33
29
11
2317
95
90
25
6
2318
53
66
93
85
2319
77
78
86
94
2320
10
6
89
63
2321
21
13
78
64
2322
91
77
75
83
2323
37
21
75
6
2324
89
49
17
30
2325
79
53
44
90
2326
26
11
8
25
2327
68
4
31
66
2328
37
81
26
61
2329
43
86
39
20
2330
12
89
85
62
2331
49
48
24
48
2332
55
20
59
64
2333
24
31
67
84
2334
38
32
67
7
2335
87
45
96
56
2336
56
80
87
77
2337
62
48
96
62
2338
62
86
64
40
2339
23
57
90
31
2340
43
34
38
14
2341
27
1
87
69
2342
63
53
64
24
2343
10
96
94
98
2344
79
62
79
100
2345
61
78
40
98
2346
70
89
84
29
2347
88
72
42
96
2348
46
34
41
16
2349
43
83
18
37
2350
44
99
30
82
2351
1
30
42
58
2352
55
61
55
79
2353
52
20
12
26
2354
48
18
91
31
2355
57
76
66
37
2356
13
13
35
43
2357
14
14
62
98
2358
2
100
56
99
2359
100
61
53
99
2360
59
41
18
86
2361
50
12
46
41
2362
87
12
8
26
2363
18
43
29
37
2364
67
80
0
0
2365
69
21
72
68
2366
100
77
56
8
2367
69
58
48
72
2368
56
71
49
54
2369
13
50
88
12
2370
70
99
8
14
2371
62
61
56
63
2372
5
19
100
47
2373
24
36
75
86
2374
88
20
58
60
2375
24
83
7
65
2376
93
34
43
29
2377
29
77
96
17
2378
49
51
65
34
2379
78
98
52
80
2380
22
44
38
13
2381
11
46
32
53
2382
41
58
27
71
2383
2
22
52
58
2384
52
49
47
57
2385
75
92
57
11
2386
83
60
32
70
2387
28
59
92
71
2388
35
91
85
45
2389
20
78
53
22
2390
62
16
75
59
2391
78
76
11
12
2392
42
49
69
81
2393
97
91
81
85
2394
82
5
82
45
2395
78
63
7
83
2396
97
78
31
88
2397
0
22
81
93
2398
56
42
5
71
2399
49
49
89
90
2400
5
58
49
75
2401
88
79
35
21
2402
65
27
16
12
2403
37
8
71
42
2404
40
58
83
12
2405
45
26
75
31
2406
38
12
81
52
2407
6
34
52
80
2408
23
59
5
96
2409
12
43
25
96
2410
72
55
76
27
2411
100
76
5
10
2412
93
77
26
63
2413
76
60
18
9
2414
64
20
44
33
2415
65
88
55
73
2416
98
39
46
1
2417
38
8
15
76
2418
70
35
75
23
2419
36
13
23
97
2420
93
5
5
25
2421
60
78
23
33
2422
35
8
39
32
2423
89
18
93
40
2424
84
73
42
79
2425
32
55
92
7
2426
74
58
33
85
2427
100
8
45
34
2428
40
94
1
71
2429
24
70
98
59
2430
67
63
2
62
2431
55
76
14
90
2432
2
53
39
26
2433
79
57
13
87
2434
78
63
4
60
2435
92
57
17
3
2436
88
6
41
14
2437
52
36
34
7
2438
78
74
20
68
2439
86
65
66
77
2440
53
63
46
43
2441
75
13
49
44
2442
44
93
60
30
2443
71
53
45
92
2444
41
56
1
53
2445
87
4
7
63
2446
86
91
22
37
2447
75
51
78
92
2448
88
42
62
0
2449
51
36
7
89
2450
28
46
34
16
2451
52
99
14
38
2452
84
57
3
42
2453
84
96
92
87
2454
84
9
33
97
2455
18
90
36
62
2456
81
81
77
95
2457
22
85
100
35
2458
79
16
95
11
2459
69
81
37
56
2460
37
27
5
39
2461
48
86
86
34
2462
20
29
65
62
2463
72
39
9
62
2464
85
69
71
11
2465
6
77
71
80
2466
12
53
59
36
2467
99
64
82
82
2468
88
31
25
40
2469
41
46
30
38
2470
22
96
49
88
2471
46
74
34
91
2472
36
100
88
76
2473
8
11
71
62
2474
38
52
89
11
2475
31
85
98
89
2476
75
93
15
85
2477
50
13
49
82
2478
81
58
81
61
2479
59
45
19
50
2480
19
28
1
12
2481
18
22
40
50
2482
30
72
96
14
2483
19
14
50
41
2484
3
26
75
28
2485
99
53
20
39
2486
82
22
18
21
2487
94
90
26
23
2488
27
85
81
4
2489
73
59
66
69
2490
73
14
82
64
2491
14
36
70
51
2492
83
3
53
8
2493
23
7
20
19
2494
65
88
20
37
2495
84
97
14
85
2496
6
28
97
77
2497
8
4
28
55
2498
58
86
97
8
2499
41
30
16
11
2500
37
58
43
94
2501
30
92
10
69
2502
61
12
83
22
2503
18
63
99
56
2504
68
52
67
37
2505
34
14
10
20
2506
73
82
36
95
2507
11
29
60
49
2508
79
0
19
5
2509
75
11
61
24
2510
53
55
92
73
2511
3
41
62
27
2512
30
8
2
70
2513
5
79
30
29
2514
96
71
34
100
2515
9
17
12
41
2516
47
69
28
99
2517
12
28
72
60
2518
91
24
37
28
2519
1
21
60
4
2520
64
53
49
81
2521
91
100
8
63
2522
16
55
81
96
2523
21
34
25
100
2524
31
91
94
9
2525
68
0
52
40
2526
89
29
0
13
2527
65
5
70
5
2528
6
44
66
22
2529
61
76
47
26
2530
18
96
47
0
2531
49
57
92
71
2532
30
43
33
75
2533
72
52
96
67
2534
40
25
9
8
2535
87
90
41
7
2536
44
74
94
75
2537
2
59
30
18
2538
79
14
20
47
2539
95
89
73
52
2540
47
3
65
60
2541
10
76
7
46
2542
35
87
85
97
2543
37
38
92
69
2544
17
7
75
31
2545
61
96
85
82
2546
84
64
21
94
2547
7
10
43
17
2548
56
8
57
86
2549
30
59
8
93
2550
41
18
50
43
2551
12
85
65
82
2552
44
10
90
98
2553
25
0
79
88
2554
26
15
8
42
2555
75
18
46
79
2556
65
0
68
45
2557
33
57
54
41
2558
51
42
20
70
2559
56
10
60
45
2560
23
28
31
38
2561
14
13
46
51
2562
24
87
40
36
2563
64
2
6
7
2564
64
53
3
75
2565
28
94
2
47
2566
49
70
45
57
2567
80
55
3
80
2568
48
35
61
90
2569
78
68
93
81
2570
61
96
82
5
2571
55
18
64
87
2572
34
12
3
50
2573
77
88
50
60
2574
44
29
90
57
2575
45
83
60
98
2576
77
93
12
98
2577
94
98
80
66
2578
26
10
32
8
2579
55
49
26
2
2580
25
15
70
48
2581
16
67
49
63
2582
95
38
43
31
2583
70
49
81
61
2584
5
56
54
71
2585
99
27
6
43
2586
35
99
37
73
2587
3
2
71
35
2588
36
1
39
61
2589
27
100
33
90
2590
71
17
10
17
2591
85
25
69
53
2592
68
6
88
84
2593
19
9
88
40
2594
81
47
49
83
2595
59
22
0
43
2596
34
14
48
94
2597
93
9
96
7
2598
91
91
75
93
2599
83
61
27
64
2600
32
2
78
26
2601
8
21
3
53
2602
50
17
38
82
2603
89
64
30
32
2604
21
98
30
20
2605
24
81
7
21
2606
98
41
23
19
2607
56
87
40
62
2608
48
21
23
3
2609
65
62
63
94
2610
42
87
51
82
2611
23
80
59
90
2612
51
44
6
31
2613
21
87
56
27
2614
69
30
91
75
2615
0
4
6
6
2616
89
27
81
33
2617
3
59
43
55
2618
3
95
11
9
2619
37
31
41
49
2620
85
6
1
59
2621
99
51
52
100
2622
22
1
45
79
2623
38
95
94
50
2624
21
45
87
46
2625
39
30
78
51
2626
75
11
91
64
2627
17
62
57
25
2628
24
37
77
34
2629
87
77
79
19
2630
98
80
17
94
2631
81
19
51
82
2632
92
46
84
32
2633
2
97
38
59
2634
7
68
63
98
2635
70
40
12
80
2636
19
69
97
75
2637
60
22
28
1
2638
12
45
15
65
2639
56
53
28
82
2640
84
61
58
6
2641
27
70
11
78
2642
91
98
97
22
2643
43
72
70
11
2644
28
19
73
24
2645
52
43
35
42
2646
95
85
64
39
2647
91
7
69
65
2648
47
23
34
43
2649
3
88
50
67
2650
4
37
91
78
2651
59
18
86
54
2652
6
38
52
42
2653
69
3
30
27
2654
24
85
52
36
2655
88
32
18
84
2656
38
0
37
28
2657
81
55
35
98
2658
11
27
51
60
2659
25
35
62
32
2660
44
34
84
87
2661
59
19
73
37
2662
29
25
1
28
2663
46
76
3
37
2664
24
76
41
7
2665
23
74
2
44
2666
52
39
87
78
2667
82
46
38
64
2668
9
53
10
1
2669
91
49
46
100
2670
65
100
96
17
2671
15
81
64
5
2672
23
36
13
52
2673
86
99
29
31
2674
48
76
40
12
2675
11
12
10
48
2676
99
9
21
86
2677
72
14
5
64
2678
33
92
37
94
2679
70
72
65
16
2680
75
12
9
46
2681
4
22
1
92
2682
58
29
4
44
2683
55
8
100
84
2684
98
66
53
41
2685
87
80
72
30
2686
93
1
63
56
2687
30
83
84
32
2688
100
41
89
77
2689
51
19
22
34
2690
21
26
3
38
2691
12
87
11
99
2692
31
75
77
51
2693
75
16
82
76
2694
62
19
100
64
2695
20
88
83
52
2696
69
62
47
100
2697
22
33
16
33
2698
12
76
37
2
2699
55
84
48
20
2700
90
4
24
58
2701
22
95
9
85
2702
72
82
37
89
2703
33
29
33
11
2704
63
58
40
42
2705
5
29
36
54
2706
87
68
70
17
2707
88
17
53
45
2708
57
26
4
4
2709
31
79
29
62
2710
2
98
97
73
2711
21
85
22
50
2712
56
76
58
88
2713
15
13
5
99
2714
81
49
25
88
2715
98
58
25
31
2716
54
89
45
72
2717
60
59
97
19
2718
2
53
93
18
2719
84
3
74
29
2720
60
49
81
35
2721
57
2
0
32
2722
66
12
78
65
2723
62
30
89
15
2724
26
25
51
31
2725
27
47
83
90
2726
11
50
43
37
2727
76
57
71
61
2728
65
71
51
53
2729
4
52
40
25
2730
51
70
32
83
2731
74
11
39
25
2732
54
47
75
35
2733
64
27
37
12
2734
51
94
13
13
2735
82
98
18
92
2736
42
97
90
66
2737
35
39
96
59
2738
69
64
0
18
2739
25
29
95
25
2740
99
82
72
39
2741
37
17
69
49
2742
78
36
59
46
2743
76
62
37
2
2744
44
12
74
13
2745
42
70
23
44
2746
90
98
41
78
2747
28
26
89
74
2748
15
44
35
67
2749
97
20
67
8
2750
16
74
72
34
2751
32
96
29
68
2752
14
21
21
6
2753
5
28
34
90
2754
18
77
91
79
2755
3
10
80
61
2756
25
56
58
14
2757
92
91
80
94
2758
98
65
4
59
2759
10
39
9
55
2760
21
16
50
69
2761
34
10
81
35
2762
42
10
2
99
2763
66
85
96
27
2764
100
51
27
78
2765
21
81
91
41
2766
20
27
54
3
2767
46
45
18
22
2768
13
6
12
24
2769
40
9
11
58
2770
70
98
20
84
2771
42
64
76
37
2772
21
0
20
79
2773
53
65
87
69
2774
18
54
98
80
2775
60
3
52
50
2776
33
47
67
82
2777
35
84
16
86
2778
61
9
11
37
2779
32
57
45
1
2780
78
31
17
86
2781
1
87
46
54
2782
63
10
75
83
2783
16
73
91
25
2784
1
27
18
94
2785
47
74
41
77
2786
99
51
28
90
2787
67
85
81
25
2788
81
77
49
4
2789
7
27
37
42
2790
93
55
12
9
2791
40
93
40
69
2792
21
21
50
95
2793
62
88
57
75
2794
47
87
76
17
2795
18
93
1
48
2796
67
71
20
44
2797
1
35
34
83
2798
53
15
31
40
2799
55
27
59
39
2800
16
69
62
65
2801
69
17
3
66
2802
62
71
88
79
2803
79
21
82
0
2804
64
94
56
69
2805
30
87
1
47
2806
56
84
99
97
2807
17
67
94
86
2808
20
92
88
25
2809
13
34
5
34
2810
11
88
79
89
2811
82
64
64
95
2812
37
75
1
72
2813
39
94
95
70
2814
4
97
86
90
2815
10
80
43
93
2816
19
48
11
84
2817
1
76
27
95
2818
23
83
51
21
2819
92
10
75
45
2820
77
13
75
1
2821
93
34
72
50
2822
16
8
42
56
2823
50
62
45
38
2824
60
43
4
74
2825
52
64
31
100
2826
97
91
26
20
2827
58
63
98
35
2828
6
30
62
22
2829
11
71
29
50
2830
69
47
20
45
2831
95
91
39
34
2832
47
95
89
89
2833
30
44
92
38
2834
52
76
91
42
2835
64
1
95
65
2836
79
31
18
11
2837
74
77
76
40
2838
8
30
36
22
2839
18
52
2
42
2840
90
71
31
2
2841
73
43
95
3
2842
14
9
3
58
2843
62
48
44
43
2844
90
43
81
72
2845
4
19
76
10
2846
59
80
67
21
2847
55
74
25
48
2848
62
84
6
23
2849
19
57
11
10
2850
67
63
1
98
2851
7
32
48
98
2852
64
22
32
97
2853
100
48
48
28
2854
85
74
66
22
2855
82
62
9
39
2856
35
4
6
54
2857
53
60
66
24
2858
52
67
27
73
2859
72
25
24
67
2860
3
100
3
16
2861
14
8
95
42
2862
85
27
6
87
2863
48
91
99
40
2864
2
98
87
41
2865
86
11
23
88
2866
25
45
57
83
2867
26
64
12
6
2868
4
24
73
8
2869
48
0
15
4
2870
37
26
25
35
2871
5
62
76
56
2872
48
40
5
3
2873
32
92
4
50
2874
77
21
71
11
2875
1
10
24
81
2876
31
5
8
31
2877
15
45
8
46
2878
1
4
2
1
2879
65
56
79
83
2880
27
57
100
72
2881
51
97
100
82
2882
47
80
97
99
2883
43
21
40
74
2884
39
70
28
90
2885
91
35
70
35
2886
74
26
56
32
2887
50
35
87
20
2888
42
19
9
92
2889
29
12
80
3
2890
32
7
53
100
2891
87
51
66
35
2892
65
90
97
14
2893
61
86
35
87
2894
75
89
50
89
2895
89
30
64
36
2896
20
45
66
68
2897
44
54
76
71
2898
88
25
5
25
2899
50
7
19
62
2900
83
98
69
49
2901
3
49
83
53
2902
73
18
53
48
2903
52
53
98
4
2904
80
24
5
85
2905
85
58
97
30
2906
84
70
56
28
2907
42
8
90
44
2908
45
15
92
96
2909
23
93
56
77
2910
48
5
68
53
2911
97
84
31
30
2912
54
37
99
16
2913
16
74
67
66
2914
25
81
66
35
2915
28
64
48
8
2916
86
82
14
28
2917
15
31
58
25
2918
43
27
0
9
2919
55
97
49
60
2920
77
98
19
78
2921
31
1
79
52
2922
66
44
88
68
2923
46
86
63
60
2924
76
11
36
74
2925
0
80
72
83
2926
100
77
37
76
2927
1
21
34
71
2928
54
5
77
71
2929
54
53
9
0
2930
14
50
8
51
2931
22
35
100
20
2932
65
63
46
35
2933
47
91
53
99
2934
20
97
93
39
2935
98
25
51
34
2936
82
92
83
36
2937
52
21
32
13
2938
42
89
31
21
2939
56
99
82
67
2940
40
99
68
24
2941
36
98
22
16
2942
74
73
34
1
2943
8
14
36
27
2944
37
80
100
60
2945
9
24
19
30
2946
32
0
83
88
2947
2
18
42
80
2948
12
71
86
12
2949
39
15
73
70
2950
69
52
59
21
2951
24
91
92
36
2952
79
22
77
57
2953
66
4
83
82
2954
59
82
49
58
2955
64
85
55
46
2956
87
92
30
42
2957
11
15
66
43
2958
92
27
98
70
2959
28
10
92
64
2960
43
46
14
95
2961
24
86
31
33
2962
78
79
51
25
2963
71
60
50
61
2964
90
89
13
69
2965
99
60
32
41
2966
10
95
61
34
2967
16
95
79
82
2968
4
98
89
60
2969
27
16
76
100
2970
82
81
70
26
2971
85
27
83
26
2972
100
67
47
4
2973
59
39
27
19
2974
40
53
32
70
2975
98
36
21
7
2976
75
67
8
49
2977
50
14
62
76
2978
86
40
20
23
2979
96
42
78
35
2980
3
47
50
90
2981
11
11
79
23
2982
68
49
73
48
2983
30
75
100
53
2984
44
47
44
30
2985
54
45
52
48
2986
42
9
67
94
2987
40
7
28
15
2988
39
97
74
64
2989
30
70
80
80
2990
55
86
92
39
2991
42
53
79
7
2992
27
81
29
87
2993
16
77
61
38
2994
98
31
8
74
2995
24
25
56
19
2996
11
87
64
39
2997
96
35
83
50
2998
61
15
0
99
2999
48
48
20
67
3000
89
67
31
1
3001
30
11
45
58
3002
63
23
57
9
3003
0
51
92
72
3004
76
89
79
39
3005
0
40
90
12
3006
79
37
36
25
3007
95
19
27
5
3008
61
52
21
27
3009
32
36
28
73
3010
47
78
8
22
3011
81
93
38
53
3012
9
81
1
3
3013
38
9
93
44
3014
13
63
61
57
3015
14
51
71
76
3016
68
42
18
1
3017
31
60
94
9
3018
33
3
15
42
3019
46
97
79
2
3020
71
84
18
85
3021
20
36
18
95
3022
20
42
62
65
3023
26
52
78
37
3024
59
77
75
92
3025
83
3
59
14
3026
90
12
52
62
3027
68
47
56
41
3028
12
25
63
48
3029
58
41
23
38
3030
46
93
73
58
3031
23
100
60
39
3032
75
68
49
6
3033
54
98
45
46
3034
62
63
11
40
3035
89
27
34
81
3036
8
32
60
74
3037
22
80
60
83
3038
93
70
74
48
3039
27
65
95
100
3040
37
61
90
54
3041
76
12
10
19
3042
46
16
77
51
3043
54
14
6
68
3044
71
95
94
57
3045
85
77
22
43
3046
69
28
52
72
3047
62
31
31
52
3048
92
17
93
58
3049
18
70
83
33
3050
50
25
66
28
3051
66
67
78
100
3052
36
77
16
5
3053
45
25
15
56
3054
4
42
25
12
3055
10
63
31
42
3056
78
2
1
68
3057
85
3
89
77
3058
73
68
57
71
3059
86
11
79
50
3060
44
73
50
41
3061
93
12
60
5
3062
71
73
5
34
3063
12
5
38
75
3064
13
56
94
77
3065
20
41
97
18
3066
96
46
62
98
3067
34
0
9
88
3068
94
66
97
54
3069
76
94
11
13
3070
13
29
20
4
3071
23
74
7
36
3072
98
6
8
63
3073
31
66
40
87
3074
46
91
42
35
3075
89
65
25
71
3076
84
45
20
97
3077
56
93
85
35
3078
6
93
18
16
3079
89
61
22
60
3080
67
56
77
3
3081
22
55
69
78
3082
54
6
5
74
3083
87
20
79
39
3084
29
87
17
74
3085
55
27
63
77
3086
27
21
55
6
3087
80
89
78
1
3088
36
70
60
48
3089
30
54
13
37
3090
66
75
51
25
3091
8
91
78
35
3092
48
97
75
20
3093
51
27
11
21
3094
66
90
29
53
3095
14
12
95
67
3096
1
12
29
58
3097
79
34
3
45
3098
37
6
82
4
3099
66
41
43
26
3100
27
2
42
83
3101
69
4
51
46
3102
2
75
47
20
3103
26
47
63
52
3104
97
99
43
54
3105
49
89
67
29
3106
64
89
34
98
3107
71
1
34
84
3108
88
1
46
66
3109
4
49
88
75
3110
2
88
35
58
3111
93
98
42
91
3112
33
56
64
83
3113
51
51
27
99
3114
33
39
52
3
3115
79
56
66
57
3116
91
40
74
34
3117
57
23
36
56
3118
5
69
81
71
3119
19
41
60
50
3120
17
46
47
91
3121
71
80
94
52
3122
41
80
9
91
3123
20
72
81
33
3124
19
10
46
30
3125
38
10
84
86
3126
49
90
74
80
3127
2
77
15
92
3128
23
93
38
52
3129
36
42
43
26
3130
50
48
44
74
3131
25
36
33
90
3132
5
8
91
3
3133
6
48
98
51
3134
92
84
28
18
3135
7
42
89
24
3136
16
63
30
87
3137
49
47
9
4
3138
30
14
26
5
3139
27
25
16
54
3140
93
87
66
12
3141
93
12
48
77
3142
16
18
75
33
3143
2
43
16
22
3144
87
41
64
97
3145
53
38
20
7
3146
91
11
77
41
3147
86
76
23
31
3148
17
92
37
88
3149
14
78
97
65
3150
13
87
31
30
3151
58
10
4
23
3152
74
1
26
40
3153
68
58
50
34
3154
74
28
60
36
3155
50
24
29
20
3156
10
25
60
18
3157
18
97
52
24
3158
38
19
100
97
3159
60
56
40
42
3160
29
65
41
48
3161
42
2
64
31
3162
7
46
34
41
3163
28
45
21
11
3164
68
97
93
63
3165
53
91
14
41
3166
84
3
51
66
3167
7
16
25
88
3168
52
11
79
95
3169
82
33
30
83
3170
6
46
4
39
3171
44
94
14
16
3172
23
58
75
36
3173
70
63
87
96
3174
24
16
22
97
3175
91
53
87
46
3176
23
82
26
93
3177
36
81
54
19
3178
1
72
67
98
3179
34
95
92
9
3180
3
8
2
82
3181
77
84
52
2
3182
69
10
25
6
3183
25
8
7
10
3184
45
47
36
0
3185
74
26
43
40
3186
70
12
78
97
3187
26
95
62
45
3188
3
22
66
86
3189
99
64
22
81
3190
7
12
49
69
3191
17
94
9
52
3192
16
98
20
48
3193
18
94
40
60
3194
26
4
71
16
3195
16
81
33
12
3196
10
92
1
63
3197
60
24
5
17
3198
10
22
30
42
3199
0
14
70
77
3200
58
13
40
34
3201
54
13
48
18
3202
10
85
29
66
3203
6
8
68
49
3204
90
38
81
41
3205
45
34
51
46
3206
42
30
53
85
3207
99
29
95
97
3208
82
88
91
14
3209
64
72
48
33
3210
84
9
96
9
3211
55
55
68
70
3212
91
17
78
61
3213
53
65
77
95
3214
89
73
48
68
3215
4
37
55
91
3216
84
51
27
60
3217
50
49
80
39
3218
14
65
34
84
3219
33
39
64
87
3220
97
0
16
21
3221
29
81
57
24
3222
18
59
40
79
3223
14
62
7
99
3224
25
2
40
54
3225
71
95
23
82
3226
83
57
26
82
3227
18
88
24
99
3228
28
5
10
50
3229
32
71
47
91
3230
91
31
98
73
3231
27
50
50
82
3232
72
79
10
52
3233
29
23
68
69
3234
16
21
87
9
3235
88
69
60
43
3236
75
40
78
14
3237
36
50
18
83
3238
46
92
83
65
3239
11
29
79
8
3240
16
29
22
9
3241
44
92
6
74
3242
11
13
81
1
3243
88
15
23
48
3244
73
29
58
26
3245
5
99
20
84
3246
93
32
16
38
3247
82
99
42
56
3248
73
37
9
64
3249
5
20
36
30
3250
14
89
61
79
3251
14
1
32
78
3252
41
41
64
84
3253
74
95
18
11
3254
45
62
44
35
3255
68
48
17
31
3256
50
4
39
56
3257
94
28
44
53
3258
37
94
87
59
3259
20
67
64
91
3260
63
50
86
68
3261
34
68
89
75
3262
40
33
24
68
3263
59
68
6
39
3264
92
33
39
38
3265
1
86
54
92
3266
42
91
50
50
3267
27
77
33
32
3268
31
33
19
60
3269
83
46
93
20
3270
96
49
97
61
3271
1
54
68
60
3272
9
16
14
35
3273
82
4
5
43
3274
2
76
6
83
3275
6
34
11
77
3276
4
55
51
25
3277
28
22
57
41
3278
54
68
60
42
3279
86
4
99
39
3280
66
63
77
71
3281
89
62
60
85
3282
42
17
86
47
3283
85
54
95
55
3284
19
56
58
62
3285
83
14
25
55
3286
62
99
48
20
3287
77
8
38
70
3288
88
15
82
10
3289
5
29
51
87
3290
63
17
69
17
3291
5
32
51
79
3292
66
50
21
19
3293
17
81
6
83
3294
78
5
41
64
3295
39
82
81
83
3296
55
89
79
49
3297
91
36
24
10
3298
5
37
50
99
3299
55
2
71
97
3300
100
27
12
78
3301
60
89
95
26
3302
10
91
70
40
3303
53
5
16
99
3304
13
76
64
23
3305
28
47
51
52
3306
75
41
91
78
3307
95
10
60
48
3308
67
21
52
2
3309
98
0
95
22
3310
91
25
52
1
3311
45
1
63
76
3312
57
96
81
26
3313
21
8
27
1
3314
73
41
71
71
3315
86
83
93
7
3316
86
57
95
14
3317
19
34
84
68
3318
30
72
69
56
3319
11
2
53
7
3320
35
3
63
51
3321
2
79
8
40
3322
36
5
58
80
3323
47
28
24
100
3324
77
18
11
94
3325
43
45
4
72
3326
78
96
22
71
3327
96
36
11
91
3328
16
58
37
31
3329
91
54
85
71
3330
24
52
1
79
3331
0
34
70
26
3332
30
48
52
59
3333
61
26
85
46
3334
19
7
17
83
3335
53
39
50
46
3336
24
17
33
34
3337
47
55
5
59
3338
47
45
20
23
3339
39
46
66
40
3340
14
82
56
3
3341
51
71
51
40
3342
19
94
79
41
3343
1
89
78
45
3344
30
60
72
18
3345
39
28
45
50
3346
69
5
57
59
3347
46
3
21
15
3348
35
12
83
74
3349
91
76
12
50
3350
24
15
36
11
3351
59
87
2
33
3352
30
81
78
93
3353
3
99
90
68
3354
16
61
16
12
3355
30
68
70
87
3356
92
21
66
5
3357
6
97
2
97
3358
59
92
39
71
3359
56
45
84
10
3360
14
64
53
75
3361
21
62
10
40
3362
28
26
92
71
3363
47
29
57
56
3364
7
8
90
47
3365
51
70
71
47
3366
42
47
84
56
3367
29
13
10
50
3368
82
11
63
11
3369
46
96
88
32
3370
35
32
10
30
3371
68
100
57
88
3372
85
63
28
86
3373
8
67
32
6
3374
60
65
0
29
3375
28
38
26
36
3376
95
10
3
7
3377
20
55
74
30
3378
2
2
63
49
3379
50
16
9
68
3380
7
90
72
99
3381
48
17
30
71
3382
5
19
23
9
3383
46
5
27
27
3384
26
15
34
68
3385
59
68
2
40
3386
23
17
29
54
3387
97
98
70
74
3388
6
72
78
32
3389
85
1
63
27
3390
81
85
23
30
3391
7
53
82
63
3392
88
63
35
36
3393
32
96
7
32
3394
24
4
37
98
3395
81
45
31
77
3396
84
18
20
2
3397
79
9
26
88
3398
82
98
28
40
3399
67
29
39
90
3400
81
24
59
2
3401
74
59
3
71
3402
71
95
92
22
3403
8
70
30
83
3404
76
32
62
40
3405
76
56
56
80
3406
42
85
3
44
3407
8
36
48
41
3408
33
17
26
82
3409
57
26
34
68
3410
50
21
17
53
3411
85
21
98
45
3412
98
2
58
34
3413
53
97
87
43
3414
4
29
3
29
3415
16
15
55
22
3416
7
76
27
35
3417
31
79
52
13
3418
87
21
26
71
3419
18
74
79
98
3420
61
95
57
87
3421
13
96
49
64
3422
75
78
46
29
3423
78
16
2
41
3424
91
36
33
62
3425
89
78
82
48
3426
42
21
11
72
3427
31
83
76
10
3428
99
4
7
69
3429
9
12
2
35
3430
27
51
80
46
3431
95
45
18
54
3432
19
13
18
7
3433
95
12
72
90
3434
15
21
37
23
3435
4
15
26
58
3436
82
44
9
68
3437
5
75
87
15
3438
71
43
4
54
3439
28
42
42
83
3440
99
4
91
43
3441
14
6
87
6
3442
71
52
93
93
3443
21
78
83
36
3444
3
75
94
26
3445
13
79
0
67
3446
39
94
64
84
3447
40
76
82
55
3448
24
30
65
40
3449
16
40
12
44
3450
67
6
67
29
3451
24
54
69
92
3452
7
45
41
59
3453
14
58
65
76
3454
59
48
38
35
3455
51
38
30
35
3456
17
40
100
99
3457
40
88
65
99
3458
100
81
57
73
3459
25
43
74
4
3460
5
77
92
36
3461
49
71
73
92
3462
38
39
70
10
3463
98
3
90
22
3464
93
58
91
74
3465
15
49
56
0
3466
87
58
78
58
3467
26
38
72
93
3468
43
82
66
57
3469
3
0
86
25
3470
19
73
90
83
3471
16
11
78
6
3472
87
27
94
37
3473
98
33
95
15
3474
84
41
20
50
3475
45
41
93
77
3476
20
18
28
20
3477
80
55
91
55
3478
71
89
19
7
3479
3
87
50
15
3480
17
91
42
72
3481
33
46
48
1
3482
84
76
96
55
3483
56
39
35
90
3484
29
4
94
95
3485
93
68
87
20
3486
96
43
74
14
3487
14
31
5
67
3488
9
41
29
90
3489
94
61
49
54
3490
58
58
34
24
3491
49
41
24
37
3492
86
4
80
64
3493
3
7
1
68
3494
91
67
27
44
3495
4
63
94
29
3496
40
15
86
90
3497
43
33
16
59
3498
59
40
85
92
3499
61
94
66
78
3500
13
100
83
68
3501
33
58
72
81
3502
64
79
31
55
3503
58
47
10
35
3504
81
9
86
9
3505
59
84
21
50
3506
20
79
15
91
3507
41
58
69
46
3508
30
45
14
75
3509
72
94
63
20
3510
30
17
44
57
3511
36
49
87
81
3512
40
25
10
89
3513
31
18
64
86
3514
10
63
28
71
3515
99
30
64
85
3516
35
72
11
52
3517
100
4
20
52
3518
13
51
24
5
3519
39
84
69
84
3520
62
8
75
82
3521
56
21
11
15
3522
92
57
73
50
3523
88
19
10
43
3524
93
57
67
39
3525
25
1
36
79
3526
44
22
11
71
3527
0
37
15
66
3528
58
52
97
12
3529
29
1
16
36
3530
94
69
89
5
3531
92
85
92
4
3532
87
65
24
89
3533
45
37
94
24
3534
21
94
48
93
3535
82
4
22
16
3536
33
65
75
18
3537
60
39
27
25
3538
84
98
66
39
3539
37
85
50
33
3540
44
80
4
22
3541
27
86
36
76
3542
22
70
24
23
3543
78
76
89
44
3544
30
46
78
36
3545
76
93
78
9
3546
20
58
95
100
3547
68
28
94
54
3548
52
28
44
65
3549
100
91
29
41
3550
75
19
21
18
3551
66
66
48
19
3552
13
54
42
34
3553
34
2
13
94
3554
75
12
46
17
3555
71
36
72
13
3556
22
88
61
66
3557
77
77
10
79
3558
75
41
67
71
3559
71
15
94
10
3560
86
38
77
90
3561
35
33
18
30
3562
22
23
7
23
3563
5
10
90
95
3564
48
48
73
78
3565
2
5
85
82
3566
53
6
82
64
3567
17
30
100
86
3568
40
61
55
96
3569
9
20
77
53
3570
63
2
87
20
3571
77
34
21
31
3572
0
34
48
21
3573
22
97
73
78
3574
34
80
33
63
3575
2
13
40
38
3576
28
78
83
3
3577
60
34
98
87
3578
20
8
11
67
3579
5
2
67
88
3580
89
30
89
46
3581
41
62
30
88
3582
55
82
36
33
3583
25
22
40
54
3584
18
3
27
34
3585
92
72
17
2
3586
25
69
40
50
3587
25
49
95
26
3588
14
80
57
88
3589
7
23
28
83
3590
55
68
9
11
3591
88
9
70
10
3592
31
40
19
65
3593
69
52
41
56
3594
61
4
69
12
3595
73
86
44
40
3596
48
60
93
67
3597
56
100
37
52
3598
90
66
93
49
3599
4
93
25
19
3600
41
66
36
1
3601
12
65
87
33
3602
61
70
66
100
3603
75
97
23
60
3604
38
20
41
17
3605
51
64
35
83
3606
71
50
88
54
3607
50
18
81
43
3608
88
32
33
50
3609
3
37
98
28
3610
97
2
64
96
3611
97
87
66
66
3612
41
0
52
29
3613
32
40
87
62
3614
70
85
0
16
3615
45
10
29
21
3616
14
67
82
85
3617
79
21
86
100
3618
4
17
15
28
3619
94
2
18
73
3620
66
87
6
8
3621
39
8
98
45
3622
92
51
11
16
3623
36
21
29
31
3624
80
28
91
42
3625
37
92
91
69
3626
72
48
60
40
3627
81
56
52
74
3628
28
24
79
73
3629
68
40
83
50
3630
48
17
10
60
3631
16
82
52
9
3632
32
91
56
81
3633
78
51
64
35
3634
53
59
18
59
3635
29
84
53
12
3636
11
18
49
56
3637
77
66
86
60
3638
6
14
75
79
3639
38
91
53
48
3640
2
78
81
63
3641
12
23
83
35
3642
53
31
27
52
3643
70
6
33
79
3644
93
52
85
16
3645
37
63
62
62
3646
82
18
86
94
3647
66
31
56
12
3648
100
57
57
76
3649
59
74
81
96
3650
86
49
14
63
3651
49
10
83
31
3652
71
34
60
15
3653
64
24
92
81
3654
70
66
61
9
3655
58
8
54
77
3656
26
56
27
9
3657
48
32
86
37
3658
29
43
41
43
3659
12
77
41
31
3660
83
55
26
27
3661
91
65
27
31
3662
48
37
65
31
3663
95
9
53
35
3664
10
5
21
79
3665
10
0
28
15
3666
14
47
76
64
3667
12
99
83
78
3668
59
29
52
39
3669
7
81
87
9
3670
15
63
66
46
3671
63
90
40
90
3672
57
26
77
1
3673
39
72
17
77
3674
66
41
74
62
3675
10
94
7
3
3676
39
53
84
9
3677
61
8
60
58
3678
78
30
66
88
3679
5
86
61
5
3680
68
99
5
64
3681
83
8
21
5
3682
45
8
98
34
3683
75
74
17
93
3684
70
79
71
69
3685
47
37
62
0
3686
53
16
17
58
3687
25
72
42
25
3688
67
6
39
24
3689
50
98
89
19
3690
51
92
43
33
3691
99
50
52
3
3692
66
18
100
31
3693
87
95
76
65
3694
50
74
29
31
3695
68
22
80
86
3696
13
78
42
41
3697
63
51
40
87
3698
4
80
9
96
3699
52
41
64
35
3700
77
77
16
56
3701
48
90
0
0
3702
15
42
79
82
3703
54
15
83
0
3704
4
46
16
55
3705
90
18
62
9
3706
52
9
33
4
3707
91
18
74
90
3708
33
15
55
55
3709
55
100
57
6
3710
64
96
15
66
3711
61
88
28
48
3712
61
4
77
96
3713
57
4
13
27
3714
100
30
51
8
3715
57
37
75
91
3716
15
43
33
56
3717
95
26
38
63
3718
57
94
22
42
3719
66
13
35
11
3720
98
33
76
78
3721
64
21
63
70
3722
11
29
50
89
3723
23
91
82
69
3724
59
28
38
89
3725
63
67
5
6
3726
85
29
77
28
3727
9
32
62
40
3728
95
19
100
26
3729
97
80
63
5
3730
43
49
51
66
3731
92
24
82
20
3732
3
29
35
65
3733
6
14
46
90
3734
68
86
100
20
3735
41
25
65
17
3736
39
5
7
69
3737
71
28
37
46
3738
41
96
79
90
3739
52
82
74
58
3740
14
64
39
53
3741
84
15
59
65
3742
12
75
18
65
3743
60
82
99
61
3744
30
41
67
61
3745
45
41
18
31
3746
67
5
48
68
3747
82
71
82
62
3748
92
97
11
81
3749
12
84
72
79
3750
58
86
95
29
3751
23
89
59
70
3752
58
6
77
70
3753
84
27
69
3
3754
28
44
23
78
3755
14
85
58
63
3756
16
52
4
44
3757
70
2
21
14
3758
69
24
37
0
3759
15
42
38
47
3760
94
98
14
66
3761
77
55
16
40
3762
59
44
72
53
3763
59
38
64
22
3764
94
99
17
55
3765
33
90
29
33
3766
3
97
1
18
3767
51
19
27
30
3768
1
73
45
45
3769
45
39
4
43
3770
40
77
83
100
3771
23
28
90
100
3772
79
10
100
37
3773
96
92
29
0
3774
42
45
94
38
3775
77
25
56
37
3776
14
21
84
16
3777
98
98
13
31
3778
65
35
62
79
3779
63
63
81
40
3780
5
52
44
87
3781
53
77
23
6
3782
15
85
63
43
3783
25
100
55
35
3784
43
93
7
48
3785
74
52
70
32
3786
64
28
50
24
3787
59
47
78
75
3788
76
57
82
43
3789
14
38
42
0
3790
66
17
84
16
3791
59
51
51
83
3792
63
39
24
20
3793
96
23
48
36
3794
71
11
47
83
3795
39
51
64
21
3796
86
53
2
28
3797
92
97
69
44
3798
84
8
14
54
3799
27
0
9
60
3800
89
60
81
86
3801
21
29
25
13
3802
21
100
77
57
3803
33
71
64
4
3804
22
68
30
22
3805
56
51
85
14
3806
27
9
25
24
3807
52
76
99
10
3808
55
13
80
9
3809
21
53
47
25
3810
11
54
66
65
3811
100
85
11
60
3812
41
76
83
21
3813
34
83
70
57
3814
62
79
43
7
3815
57
60
21
42
3816
7
62
17
56
3817
96
16
85
11
3818
3
26
58
8
3819
40
36
69
84
3820
35
13
34
30
3821
16
41
73
21
3822
5
44
46
100
3823
25
62
39
26
3824
29
99
83
34
3825
18
97
35
18
3826
41
41
4
20
3827
4
9
10
6
3828
75
61
97
30
3829
89
57
27
35
3830
83
11
56
53
3831
40
82
98
56
3832
95
35
65
80
3833
93
78
7
71
3834
61
10
33
28
3835
23
12
35
97
3836
85
59
28
99
3837
70
29
89
76
3838
87
46
75
90
3839
13
34
52
15
3840
2
43
92
27
3841
80
87
38
27
3842
81
53
46
50
3843
20
22
14
56
3844
95
82
34
41
3845
52
95
59
45
3846
0
16
23
47
3847
91
59
84
82
3848
33
68
47
98
3849
44
0
19
56
3850
97
30
8
41
3851
32
95
28
81
3852
32
32
13
66
3853
69
1
34
45
3854
49
50
97
75
3855
43
87
89
26
3856
58
44
40
97
3857
50
65
38
87
3858
42
23
19
91
3859
96
70
99
14
3860
59
34
8
6
3861
31
49
23
19
3862
62
52
54
37
3863
33
7
31
95
3864
16
67
51
29
3865
35
7
25
13
3866
76
43
25
39
3867
66
53
46
22
3868
62
40
56
9
3869
89
93
47
86
3870
36
56
29
58
3871
48
1
14
87
3872
55
64
85
29
3873
80
21
49
51
3874
91
20
19
58
3875
55
34
16
63
3876
18
93
96
80
3877
69
22
11
69
3878
20
86
76
84
3879
68
65
84
32
3880
73
50
2
74
3881
83
40
93
21
3882
30
29
88
47
3883
18
81
97
0
3884
77
24
14
38
3885
81
0
88
74
3886
70
11
10
64
3887
98
72
83
59
3888
76
44
3
22
3889
100
53
64
10
3890
93
47
20
75
3891
43
32
57
21
3892
33
98
21
15
3893
26
10
6
97
3894
8
20
83
76
3895
77
34
51
69
3896
95
67
90
36
3897
86
53
84
11
3898
26
44
38
11
3899
46
50
22
59
3900
6
93
54
14
3901
77
33
80
11
3902
95
30
60
52
3903
27
35
70
14
3904
94
45
54
5
3905
72
93
99
7
3906
15
60
15
56
3907
30
34
73
72
3908
97
65
74
97
3909
91
58
44
56
3910
25
79
16
86
3911
17
67
19
85
3912
66
49
37
16
3913
19
2
67
19
3914
9
69
26
4
3915
42
53
1
78
3916
53
73
32
92
3917
14
2
96
76
3918
31
90
16
92
3919
18
29
17
60
3920
92
9
70
88
3921
72
95
32
90
3922
11
4
80
38
3923
75
100
83
19
3924
81
5
54
90
3925
81
19
52
80
3926
71
6
28
47
3927
13
21
41
55
3928
80
3
32
90
3929
66
52
47
78
3930
45
3
91
71
3931
50
4
62
43
3932
44
72
29
46
3933
83
74
3
10
3934
36
59
99
41
3935
49
36
2
22
3936
29
56
51
56
3937
63
80
93
55
3938
15
49
7
24
3939
89
67
54
61
3940
80
24
7
35
3941
26
24
65
48
3942
45
27
90
77
3943
68
79
16
18
3944
7
48
44
42
3945
59
78
4
8
3946
65
85
39
38
3947
74
10
84
48
3948
99
76
31
30
3949
77
0
19
51
3950
63
17
44
25
3951
89
5
22
64
3952
89
67
33
63
3953
76
58
60
94
3954
71
41
73
50
3955
76
84
60
0
3956
9
28
46
88
3957
2
98
66
38
3958
36
0
51
20
3959
16
12
98
90
3960
56
45
74
93
3961
82
13
32
12
3962
93
11
55
40
3963
61
74
6
8
3964
42
46
76
63
3965
71
94
25
96
3966
23
76
16
48
3967
28
62
9
57
3968
44
63
28
84
3969
16
62
94
4
3970
67
92
25
74
3971
60
90
12
65
3972
65
37
4
87
3973
81
58
91
16
3974
43
92
55
37
3975
61
59
16
22
3976
96
13
90
38
3977
9
46
69
100
3978
14
65
57
59
3979
44
55
40
88
3980
24
13
6
99
3981
75
62
23
68
3982
83
27
54
90
3983
95
56
49
63
3984
19
27
58
26
3985
16
33
98
21
3986
47
91
27
89
3987
31
31
30
85
3988
61
90
50
54
3989
40
26
67
72
3990
9
49
94
61
3991
25
21
94
18
3992
77
3
22
89
3993
84
86
3
28
3994
42
58
17
42
3995
96
15
82
1
3996
83
84
3
11
3997
49
27
7
24
3998
85
85
31
53
3999
65
13
75
53
4000
33
35
79
79
4001
83
62
76
13
4002
87
63
86
41
4003
71
3
78
75
4004
92
17
16
64
4005
63
80
29
72
4006
92
94
98
78
4007
69
50
60
76
4008
25
2
10
52
4009
78
75
20
7
4010
76
14
54
3
4011
94
45
54
45
4012
11
100
9
99
4013
59
77
25
85
4014
51
81
89
63
4015
8
83
27
33
4016
23
59
82
35
4017
2
45
21
44
4018
43
56
18
22
4019
69
55
76
65
4020
74
1
72
80
4021
14
84
61
94
4022
21
85
17
7
4023
14
48
82
65
4024
36
3
29
81
4025
34
79
22
38
4026
70
91
95
46
4027
52
73
87
90
4028
5
53
49
35
4029
22
43
70
7
4030
83
17
87
23
4031
74
92
83
89
4032
51
28
68
41
4033
25
15
91
39
4034
93
23
75
36
4035
7
66
90
25
4036
100
75
95
1
4037
79
70
98
16
4038
10
91
36
79
4039
77
54
89
26
4040
36
38
60
28
4041
71
98
79
88
4042
11
8
58
83
4043
50
36
11
42
4044
14
88
36
75
4045
93
70
88
13
4046
44
98
65
57
4047
72
44
39
67
4048
97
29
14
35
4049
39
72
35
74
4050
91
13
74
76
4051
76
99
95
74
4052
43
76
51
22
4053
76
4
67
16
4054
33
56
6
70
4055
23
39
46
19
4056
75
0
90
14
4057
86
40
94
55
4058
80
41
15
75
4059
59
5
60
76
4060
19
67
79
37
4061
42
76
16
2
4062
93
78
41
82
4063
96
10
30
54
4064
79
68
34
17
4065
95
45
56
49
4066
59
51
66
98
4067
100
78
44
95
4068
99
35
33
100
4069
34
64
16
17
4070
15
62
100
7
4071
13
41
85
96
4072
24
34
88
24
4073
53
95
50
52
4074
6
52
43
77
4075
0
75
52
26
4076
71
17
93
75
4077
82
62
15
54
4078
35
37
56
9
4079
13
39
40
100
4080
36
96
50
28
4081
35
92
3
54
4082
8
68
69
27
4083
23
65
14
4
4084
23
37
53
27
4085
75
57
3
53
4086
76
52
79
27
4087
25
64
71
15
4088
90
76
55
35
4089
0
38
95
35
4090
1
57
11
51
4091
45
13
31
81
4092
7
92
87
6
4093
29
4
67
22
4094
74
87
83
98
4095
61
14
45
29
4096
27
20
30
10
4097
54
87
91
0
4098
3
91
32
79
4099
30
97
14
74
4100
70
11
42
5
4101
38
28
33
33
4102
26
8
16
44
4103
20
100
90
75
4104
86
57
3
31
4105
16
1
53
15
4106
67
34
83
10
4107
15
16
16
33
4108
79
30
75
43
4109
79
47
29
31
4110
86
76
48
29
4111
63
84
0
7
4112
36
38
97
60
4113
96
29
100
67
4114
56
8
75
90
4115
53
22
32
77
4116
97
98
71
40
4117
31
32
20
3
4118
54
19
20
49
4119
63
9
52
90
4120
18
28
77
89
4121
85
51
74
36
4122
55
85
99
0
4123
39
10
96
98
4124
66
97
23
1
4125
76
8
84
81
4126
58
60
26
50
4127
54
61
24
61
4128
79
99
5
7
4129
10
63
44
51
4130
44
33
47
16
4131
29
24
9
98
4132
10
70
72
76
4133
97
55
69
75
4134
15
66
62
12
4135
70
88
89
99
4136
15
20
44
49
4137
25
86
94
77
4138
10
88
64
93
4139
38
76
89
83
4140
32
63
34
81
4141
2
90
91
47
4142
70
18
58
41
4143
3
64
73
83
4144
37
12
48
18
4145
29
75
74
100
4146
66
69
23
41
4147
50
61
76
96
4148
14
25
0
63
4149
96
52
93
37
4150
99
92
48
13
4151
63
92
19
75
4152
71
83
6
33
4153
91
14
62
25
4154
57
1
6
90
4155
83
41
39
60
4156
47
94
42
12
4157
91
10
87
76
4158
63
19
59
6
4159
2
7
8
71
4160
28
71
69
68
4161
14
53
48
68
4162
55
26
40
78
4163
82
60
43
0
4164
16
23
61
45
4165
15
11
40
0
4166
2
22
8
23
4167
2
17
20
58
4168
55
47
76
25
4169
43
81
47
4
4170
24
61
45
61
4171
96
42
9
23
4172
73
73
79
35
4173
47
26
18
57
4174
4
98
15
69
4175
21
96
30
61
4176
35
86
58
64
4177
98
53
46
34
4178
54
96
86
6
4179
29
37
43
27
4180
75
32
7
85
4181
75
98
83
54
4182
71
15
48
33
4183
56
67
12
7
4184
75
64
96
1
4185
24
51
54
3
4186
24
67
64
98
4187
48
63
44
1
4188
34
51
36
39
4189
92
2
23
34
4190
51
66
99
90
4191
94
55
25
50
4192
74
6
15
38
4193
29
93
96
53
4194
98
1
41
87
4195
17
18
27
16
4196
84
98
74
70
4197
3
88
11
21
4198
60
83
85
57
4199
36
78
83
75
4200
100
51
35
61
4201
65
67
19
0
4202
57
42
13
83
4203
75
27
19
90
4204
95
71
3
7
4205
76
37
17
30
4206
9
2
49
94
4207
45
78
24
75
4208
26
28
77
41
4209
97
85
33
14
4210
83
35
37
54
4211
91
7
73
17
4212
16
86
28
7
4213
19
47
97
80
4214
1
24
81
87
4215
25
23
28
77
4216
37
71
96
8
4217
5
39
80
40
4218
33
58
90
50
4219
77
77
65
59
4220
80
37
15
28
4221
74
51
70
56
4222
95
34
29
82
4223
11
4
15
32
4224
9
15
97
5
4225
62
4
18
74
4226
45
6
67
67
4227
76
44
32
82
4228
9
2
5
41
4229
66
7
87
96
4230
51
22
66
37
4231
24
39
48
97
4232
1
99
89
44
4233
8
68
17
89
4234
96
80
100
25
4235
46
90
2
60
4236
95
37
60
43
4237
39
43
52
22
4238
58
38
78
81
4239
3
70
41
60
4240
50
7
55
39
4241
44
7
86
8
4242
84
64
5
5
4243
62
75
94
2
4244
79
56
15
33
4245
50
79
97
58
4246
96
21
90
43
4247
58
30
95
6
4248
42
85
1
87
4249
71
16
91
92
4250
100
21
69
57
4251
98
39
74
66
4252
23
20
74
25
4253
1
92
32
99
4254
12
71
13
93
4255
27
13
76
54
4256
77
67
65
29
4257
63
68
65
31
4258
74
32
48
42
4259
30
38
11
30
4260
75
8
50
15
4261
11
94
87
34
4262
48
45
24
31
4263
26
91
11
1
4264
44
3
16
79
4265
25
17
71
71
4266
46
5
18
69
4267
53
18
100
69
4268
70
29
100
87
4269
57
82
84
48
4270
68
81
30
99
4271
38
71
19
51
4272
15
35
46
16
4273
92
99
36
75
4274
16
43
22
43
4275
72
95
2
15
4276
70
54
78
51
4277
15
17
58
14
4278
84
40
33
37
4279
24
34
8
42
4280
43
61
21
38
4281
99
48
4
14
4282
43
47
18
54
4283
83
53
66
56
4284
17
13
18
90
4285
80
47
87
29
4286
79
22
92
2
4287
28
83
35
49
4288
26
29
70
100
4289
39
18
56
96
4290
88
67
12
23
4291
10
71
35
97
4292
90
69
74
83
4293
2
38
15
52
4294
71
86
89
19
4295
40
44
71
81
4296
23
89
40
65
4297
22
96
30
2
4298
37
68
44
37
4299
22
82
95
65
4300
14
57
74
86
4301
23
30
88
63
4302
56
32
80
28
4303
66
84
89
40
4304
49
35
0
18
4305
47
83
76
25
4306
0
49
2
76
4307
49
70
84
36
4308
18
4
8
19
4309
23
54
87
93
4310
84
71
99
25
4311
67
92
53
20
4312
34
24
6
65
4313
82
26
39
78
4314
37
25
24
54
4315
30
75
27
22
4316
45
83
46
52
4317
16
53
24
5
4318
56
23
25
79
4319
99
13
89
52
4320
43
15
7
16
4321
10
23
9
21
4322
74
58
34
3
4323
12
30
59
15
4324
94
66
14
46
4325
32
7
50
3
4326
35
32
91
69
4327
95
1
99
12
4328
91
11
43
94
4329
7
82
58
52
4330
31
100
63
42
4331
41
25
85
68
4332
13
3
34
41
4333
57
12
12
80
4334
99
28
12
35
4335
83
20
44
47
4336
3
65
13
90
4337
15
94
38
16
4338
65
28
78
85
4339
34
0
79
54
4340
32
63
60
71
4341
81
54
89
18
4342
13
16
59
86
4343
59
3
14
18
4344
100
44
52
13
4345
84
73
46
82
4346
42
2
2
93
4347
12
5
53
86
4348
59
41
6
72
4349
19
89
78
84
4350
73
62
1
0
4351
22
19
21
54
4352
35
48
86
26
4353
71
73
75
66
4354
94
40
87
36
4355
53
74
9
78
4356
83
12
80
93
4357
66
38
95
47
4358
17
90
46
3
4359
18
20
90
31
4360
88
95
88
65
4361
86
100
29
78
4362
59
2
93
18
4363
37
64
98
26
4364
74
23
76
98
4365
54
65
79
54
4366
56
58
89
0
4367
18
71
72
20
4368
75
48
92
78
4369
5
12
71
61
4370
15
71
77
38
4371
1
100
26
4
4372
50
10
85
20
4373
51
55
39
92
4374
91
54
44
0
4375
97
26
89
26
4376
49
74
9
27
4377
10
69
100
40
4378
34
12
28
23
4379
14
2
73
49
4380
99
13
53
95
4381
37
76
53
34
4382
92
86
92
37
4383
74
1
74
32
4384
85
84
0
32
4385
84
34
27
100
4386
65
58
100
3
4387
18
59
83
18
4388
41
75
65
83
4389
65
7
70
50
4390
33
33
84
47
4391
97
1
86
85
4392
53
52
27
83
4393
21
83
94
91
4394
25
69
17
34
4395
38
84
30
62
4396
37
84
51
59
4397
77
8
4
0
4398
2
24
51
35
4399
1
3
68
96
4400
2
97
89
84
4401
79
61
94
15
4402
84
23
72
14
4403
92
13
11
23
4404
70
46
32
57
4405
28
35
0
25
4406
33
30
71
79
4407
98
63
3
24
4408
64
39
30
53
4409
14
93
61
20
4410
87
58
87
85
4411
65
67
25
36
4412
16
55
36
66
4413
91
96
13
55
4414
87
85
71
55
4415
94
4
30
80
4416
46
47
58
21
4417
100
100
29
20
4418
5
46
90
28
4419
48
44
8
15
4420
76
10
78
60
4421
82
39
80
71
4422
2
11
79
67
4423
1
47
72
95
4424
39
50
99
35
4425
65
55
70
93
4426
61
74
55
57
4427
31
100
67
66
4428
41
55
66
70
4429
32
81
96
31
4430
11
3
60
77
4431
61
65
59
49
4432
39
78
42
53
4433
31
17
70
49
4434
86
75
38
83
4435
77
98
18
43
4436
87
51
11
70
4437
32
73
79
32
4438
15
35
70
2
4439
45
70
56
1
4440
41
52
22
93
4441
58
23
38
67
4442
60
73
51
43
4443
49
55
53
81
4444
52
47
6
32
4445
75
83
76
16
4446
20
49
67
91
4447
53
99
75
74
4448
0
51
54
53
4449
82
92
87
99
4450
46
65
100
34
4451
15
15
39
3
4452
27
42
13
72
4453
22
69
45
20
4454
41
69
16
43
4455
31
12
87
52
4456
42
59
11
23
4457
24
53
78
8
4458
27
79
80
67
4459
100
70
48
30
4460
40
4
16
19
4461
27
2
13
46
4462
90
0
45
34
4463
83
54
88
16
4464
69
5
15
31
4465
81
19
16
62
4466
85
61
47
65
4467
99
55
44
0
4468
84
36
5
74
4469
13
93
93
69
4470
11
15
69
37
4471
83
47
29
51
4472
34
81
24
48
4473
48
40
48
5
4474
30
48
38
21
4475
52
13
95
74
4476
45
45
17
50
4477
7
60
47
75
4478
21
70
11
54
4479
96
72
61
5
4480
59
62
40
17
4481
37
33
18
35
4482
92
33
90
89
4483
5
0
45
74
4484
92
96
79
62
4485
93
76
70
0
4486
25
98
56
100
4487
58
100
72
92
4488
1
89
15
51
4489
4
98
21
81
4490
100
59
76
31
4491
30
37
58
75
4492
72
43
10
65
4493
69
55
79
70
4494
23
48
93
89
4495
6
87
93
90
4496
99
3
5
20
4497
36
88
40
66
4498
9
27
87
86
4499
85
42
74
85
4500
69
15
33
58
4501
79
73
48
48
4502
26
61
86
65
4503
81
98
66
93
4504
81
94
44
8
4505
34
21
99
36
4506
58
28
33
45
4507
46
55
35
49
4508
48
18
62
53
4509
84
63
90
88
4510
52
92
63
27
4511
49
82
60
53
4512
3
49
68
14
4513
73
16
43
98
4514
73
55
90
15
4515
4
31
25
17
4516
8
71
14
34
4517
1
83
75
79
4518
71
29
86
47
4519
10
22
12
93
4520
56
66
64
5
4521
70
69
64
37
4522
94
19
17
75
4523
37
61
93
48
4524
34
41
87
54
4525
64
72
97
48
4526
17
35
63
7
4527
49
62
16
1
4528
12
84
63
65
4529
90
60
61
76
4530
22
64
72
13
4531
9
15
90
76
4532
27
56
35
68
4533
36
48
20
26
4534
91
62
6
95
4535
25
78
5
19
4536
21
2
77
76
4537
38
48
64
28
4538
73
48
55
80
4539
73
81
16
43
4540
0
33
50
100
4541
68
14
80
66
4542
31
49
65
77
4543
41
42
25
63
4544
86
24
90
91
4545
96
7
9
44
4546
50
21
29
38
4547
83
78
19
100
4548
75
91
27
32
4549
10
70
77
13
4550
54
68
77
22
4551
30
70
91
0
4552
60
44
6
47
4553
14
46
24
77
4554
85
93
21
76
4555
20
97
82
85
4556
65
66
53
31
4557
62
77
42
5
4558
2
67
98
15
4559
52
26
41
88
4560
6
13
83
12
4561
63
57
83
47
4562
99
17
78
26
4563
70
21
90
6
4564
10
26
61
5
4565
91
100
15
73
4566
80
52
4
65
4567
2
45
76
64
4568
9
32
87
39
4569
53
42
49
82
4570
95
54
89
7
4571
5
92
20
90
4572
99
2
75
79
4573
21
37
65
23
4574
88
45
79
26
4575
59
98
85
59
4576
47
57
55
49
4577
56
42
38
86
4578
100
20
25
37
4579
83
85
10
24
4580
85
24
69
60
4581
72
71
84
15
4582
78
92
4
36
4583
45
54
4
95
4584
52
94
40
7
4585
15
66
65
11
4586
91
68
75
46
4587
6
2
65
6
4588
17
28
61
41
4589
85
50
64
42
4590
96
19
59
34
4591
44
92
9
84
4592
77
6
28
64
4593
4
60
26
93
4594
54
20
89
50
4595
38
15
58
69
4596
13
95
19
60
4597
6
49
96
31
4598
97
91
97
85
4599
39
100
30
63
4600
39
38
56
13
4601
42
39
75
9
4602
84
93
51
95
4603
40
45
46
22
4604
38
51
46
50
4605
40
80
21
16
4606
27
57
45
100
4607
87
49
79
31
4608
25
13
60
33
4609
17
100
47
80
4610
95
43
20
23
4611
91
9
41
70
4612
35
41
91
4
4613
92
66
56
42
4614
31
58
54
69
4615
86
77
38
9
4616
85
37
14
0
4617
8
49
48
56
4618
73
50
93
66
4619
26
68
83
17
4620
76
99
62
88
4621
82
69
39
70
4622
60
95
76
45
4623
10
61
4
66
4624
76
30
40
65
4625
80
2
52
25
4626
65
21
80
94
4627
43
57
35
42
4628
21
16
6
90
4629
34
75
23
27
4630
16
98
70
80
4631
22
0
96
6
4632
95
45
49
31
4633
11
18
46
81
4634
70
98
27
64
4635
94
42
19
21
4636
14
91
1
0
4637
86
52
99
2
4638
81
89
26
19
4639
52
10
48
14
4640
31
63
12
33
4641
87
2
99
40
4642
97
37
75
20
4643
77
53
95
71
4644
22
51
44
70
4645
76
78
58
7
4646
17
90
85
88
4647
36
96
33
36
4648
41
89
39
61
4649
14
32
36
8
4650
62
14
62
59
4651
64
61
76
40
4652
47
43
7
72
4653
60
14
16
47
4654
69
28
78
3
4655
81
90
66
83
4656
30
53
69
61
4657
37
53
23
1
4658
91
66
66
38
4659
25
46
5
15
4660
42
73
72
40
4661
81
14
74
17
4662
13
78
96
86
4663
22
92
58
72
4664
29
65
17
51
4665
13
1
81
97
4666
16
59
80
41
4667
51
39
39
33
4668
69
33
4
77
4669
22
90
73
49
4670
67
28
6
55
4671
86
26
77
43
4672
46
62
65
65
4673
71
87
99
21
4674
23
34
18
7
4675
27
73
10
61
4676
29
68
23
100
4677
90
86
6
22
4678
69
44
85
73
4679
82
12
72
53
4680
30
58
7
45
4681
84
83
92
97
4682
19
9
100
93
4683
47
27
28
7
4684
73
32
93
26
4685
26
20
27
42
4686
97
66
95
0
4687
82
81
36
12
4688
5
87
21
98
4689
86
1
3
78
4690
50
31
35
65
4691
15
39
54
25
4692
58
76
68
57
4693
9
90
40
58
4694
62
77
48
56
4695
83
30
70
96
4696
37
22
100
6
4697
67
26
87
68
4698
39
23
94
49
4699
54
39
88
35
4700
97
3
96
37
4701
45
72
4
13
4702
1
10
60
86
4703
72
10
62
8
4704
68
90
10
59
4705
77
75
66
37
4706
49
82
81
54
4707
71
26
31
33
4708
66
14
82
98
4709
83
69
66
45
4710
45
0
70
92
4711
95
83
39
95
4712
78
72
73
44
4713
80
34
34
19
4714
20
80
36
91
4715
6
25
81
68
4716
91
77
70
65
4717
31
54
64
55
4718
3
97
43
48
4719
12
77
54
91
4720
28
55
51
33
4721
30
16
9
22
4722
75
20
59
26
4723
98
39
32
48
4724
23
37
91
86
4725
71
79
54
62
4726
67
72
57
73
4727
87
73
2
67
4728
59
73
60
10
4729
65
71
81
52
4730
71
37
99
10
4731
75
99
50
20
4732
94
57
37
72
4733
15
34
0
8
4734
3
82
4
79
4735
95
7
31
31
4736
92
2
1
18
4737
11
2
63
45
4738
48
71
79
39
4739
50
59
97
8
4740
70
60
26
7
4741
61
7
97
30
4742
22
60
25
68
4743
60
52
90
52
4744
95
41
85
59
4745
98
23
68
89
4746
81
17
43
78
4747
82
54
17
43
4748
99
88
45
22
4749
95
52
60
54
4750
66
56
97
13
4751
32
49
49
50
4752
51
72
96
56
4753
36
88
48
94
4754
24
67
12
17
4755
44
45
12
77
4756
20
24
2
72
4757
72
19
21
86
4758
59
66
96
14
4759
7
79
9
66
4760
92
85
37
53
4761
73
58
84
18
4762
72
78
55
95
4763
99
62
24
66
4764
100
76
70
81
4765
98
42
80
91
4766
91
32
81
57
4767
28
31
82
61
4768
69
69
90
90
4769
25
49
52
12
4770
82
90
99
74
4771
92
26
34
34
4772
82
61
52
76
4773
90
35
63
49
4774
17
58
26
25
4775
19
34
49
3
4776
19
77
40
34
4777
11
17
12
63
4778
19
55
51
76
4779
3
72
35
24
4780
47
48
58
56
4781
22
92
64
41
4782
0
46
41
34
4783
96
43
73
83
4784
70
48
19
70
4785
8
40
39
47
4786
74
73
67
91
4787
40
16
92
44
4788
58
7
43
74
4789
76
77
48
99
4790
100
93
37
94
4791
31
92
18
82
4792
29
26
39
80
4793
97
67
0
67
4794
59
48
4
24
4795
10
100
93
5
4796
67
13
44
10
4797
43
33
49
17
4798
95
9
51
46
4799
13
26
42
31
4800
28
14
83
29
4801
38
37
95
41
4802
24
86
13
82
4803
69
87
40
45
4804
98
40
10
5
4805
17
76
25
100
4806
3
39
45
31
4807
45
30
59
40
4808
92
5
1
30
4809
16
50
74
10
4810
10
38
34
9
4811
99
81
18
47
4812
21
56
73
54
4813
10
54
95
85
4814
82
0
50
76
4815
62
14
99
68
4816
24
8
60
19
4817
43
96
43
39
4818
86
17
54
84
4819
26
53
10
43
4820
75
98
21
81
4821
78
42
9
0
4822
63
99
11
32
4823
41
68
25
51
4824
12
66
17
93
4825
100
32
93
67
4826
52
82
66
22
4827
39
100
41
32
4828
35
39
23
63
4829
0
86
82
100
4830
18
45
100
69
4831
34
94
7
20
4832
77
93
20
71
4833
44
46
11
99
4834
93
94
97
100
4835
81
41
57
19
4836
70
11
53
40
4837
53
8
48
53
4838
44
96
54
66
4839
22
42
4
97
4840
64
37
8
78
4841
19
1
71
30
4842
72
59
64
46
4843
54
36
95
0
4844
15
92
85
77
4845
21
16
70
40
4846
70
65
97
6
4847
87
66
79
38
4848
67
7
84
50
4849
58
45
24
96
4850
89
2
2
65
4851
77
11
54
94
4852
56
19
30
94
4853
52
84
68
4
4854
23
74
93
12
4855
68
10
60
50
4856
95
72
23
94
4857
75
79
24
75
4858
81
25
68
14
4859
13
19
65
23
4860
0
21
92
27
4861
91
22
85
7
4862
94
87
0
49
4863
65
3
19
63
4864
56
73
8
74
4865
6
11
7
86
4866
6
58
21
82
4867
41
47
11
48
4868
83
41
31
27
4869
59
12
48
64
4870
11
15
85
97
4871
80
25
81
7
4872
32
42
70
81
4873
28
51
22
37
4874
21
62
27
9
4875
97
40
17
7
4876
84
12
45
12
4877
62
3
98
22
4878
98
31
54
6
4879
84
53
40
42
4880
82
28
28
7
4881
62
57
43
60
4882
46
62
28
100
4883
76
51
4
88
4884
66
28
22
3
4885
37
93
29
23
4886
42
8
52
100
4887
38
32
18
72
4888
70
100
52
15
4889
31
41
13
3
4890
5
69
84
23
4891
18
72
50
69
4892
59
28
11
6
4893
65
35
77
85
4894
82
24
28
97
4895
90
43
5
49
4896
60
80
100
82
4897
32
56
45
73
4898
39
70
74
65
4899
49
49
100
9
4900
87
99
96
67
4901
85
67
90
91
4902
25
90
66
47
4903
2
82
16
51
4904
79
30
79
39
4905
4
79
78
42
4906
77
83
41
80
4907
13
51
71
15
4908
64
42
49
63
4909
96
5
39
87
4910
69
89
51
44
4911
39
22
25
2
4912
76
25
1
50
4913
3
65
63
58
4914
30
86
19
70
4915
52
14
60
17
4916
30
49
6
68
4917
53
91
56
13
4918
94
49
77
19
4919
96
78
85
6
4920
22
30
54
73
4921
88
86
21
54
4922
46
60
86
15
4923
96
3
79
5
4924
50
72
80
44
4925
28
91
65
58
4926
58
48
54
50
4927
36
72
63
15
4928
87
70
89
41
4929
85
59
100
14
4930
52
76
14
16
4931
21
61
7
51
4932
79
53
43
6
4933
39
96
77
0
4934
1
9
13
41
4935
76
12
9
75
4936
58
28
45
0
4937
56
62
12
3
4938
13
66
80
69
4939
88
68
39
2
4940
53
92
4
16
4941
73
33
57
90
4942
14
26
19
98
4943
95
86
73
52
4944
77
67
98
9
4945
48
94
47
33
4946
60
77
91
41
4947
47
61
4
59
4948
3
50
76
32
4949
6
2
23
88
4950
96
29
84
94
4951
67
3
100
75
4952
49
19
39
99
4953
95
4
12
94
4954
76
74
5
73
4955
61
14
94
67
4956
70
20
47
100
4957
46
68
9
82
4958
38
49
9
76
4959
48
46
76
96
4960
18
66
84
99
4961
58
100
77
68
4962
76
10
29
60
4963
98
84
18
95
4964
42
58
81
90
4965
84
89
30
96
4966
73
76
59
2
4967
28
32
42
0
4968
65
90
62
9
4969
33
24
90
90
4970
91
60
71
55
4971
94
93
63
3
4972
48
31
63
33
4973
0
36
25
100
4974
52
93
75
79
4975
66
2
25
39
4976
94
20
26
2
4977
44
33
12
10
4978
54
11
17
95
4979
32
47
79
5
4980
24
87
26
86
4981
48
63
81
59
4982
66
96
2
48
4983
82
12
46
26
4984
57
92
1
51
4985
58
19
47
36
4986
68
71
15
62
4987
100
18
90
87
4988
14
87
64
5
4989
10
59
30
57
4990
41
72
22
98
4991
97
23
85
68
4992
63
81
37
54
4993
15
13
83
3
4994
72
62
48
62
4995
64
75
85
31
4996
87
96
3
64
4997
27
70
67
87
4998
42
68
31
99
4999
88
40
100
76
5000
39
41
83
67
